133,156,130,152,152,148,139,142,148,144,130,140,145,142,141,142,147,151,140,150,162,139,130,151,164,152,151,169,161,138,147,166,167,150,152,167,157,146,153,157,157,155,146,153,156,144,151,152,141,143,149,150,150,156,157,151,140,150,154,154,154,152,158,154,142,143,150,144,140,149,155,148,139,153,165,149,136,141,137,115,128,150,151,133,118,123,133,127,131,138,139,143,139,128,139,133,121,135,135,132,129,138,135,125,139,139,129,133,142,142,126,125,138,134,127,130,128,133,122,120,138,130,114,125,126,118,126,135,122,115,121,118,121,134,21,
138,148,146,150,145,139,144,147,145,137,140,148,130,131,154,148,147,165,157,143,141,150,164,152,140,160,167,144,155,172,157,156,165,157,159,158,156,158,163,159,161,166,145,142,151,156,148,140,150,157,146,138,149,161,151,145,153,163,146,146,155,164,151,151,153,159,152,152,156,151,146,154,150,140,148,163,156,139,132,133,144,147,139,146,136,122,136,143,135,134,134,141,144,138,134,145,143,144,141,144,134,142,144,141,141,136,141,144,140,137,138,140,140,135,137,141,137,136,130,135,127,123,133,133,114,131,133,130,125,117,119,122,103,139,65,
139,154,138,135,144,150,147,143,141,141,142,139,142,150,139,132,150,168,149,134,154,148,137,147,143,148,154,152,148,156,155,158,149,128,145,160,160,149,152,161,162,151,145,152,158,154,150,151,145,140,151,147,145,150,143,153,160,155,147,159,152,149,149,157,154,153,154,150,140,143,154,155,142,132,157,165,141,132,142,129,138,145,139,143,140,133,137,132,129,138,140,135,135,135,130,128,136,142,134,127,128,129,130,124,119,138,141,130,117,137,138,120,127,132,125,121,125,134,123,118,126,125,121,125,116,122,119,114,121,119,114,119,112,128,104,
131,147,139,158,138,137,149,155,142,132,155,142,128,143,149,146,151,165,151,149,162,146,131,151,153,151,160,159,129,141,160,160,150,148,162,165,155,160,163,159,157,157,156,145,156,155,153,148,154,144,160,149,142,158,155,148,151,152,150,154,158,159,149,148,165,154,139,138,148,152,140,144,147,138,140,148,142,143,146,128,136,132,130,132,138,138,129,122,135,129,128,142,141,127,129,148,136,124,118,129,141,127,119,133,129,129,128,137,119,124,131,132,128,125,128,138,140,144,141,133,129,134,136,135,133,128,138,139,123,133,140,135,128,132,137,
135,155,145,156,135,141,142,143,155,143,144,137,136,139,150,144,145,171,143,132,157,155,146,153,159,153,152,162,154,145,144,158,168,159,152,161,151,144,142,143,133,139,148,144,134,130,138,148,150,143,138,128,127,141,144,139,136,133,134,138,134,140,133,138,154,146,132,127,139,150,144,138,134,142,138,135,152,161,163,155,151,155,159,158,152,145,149,154,158,146,144,150,142,102,144,173,146,148,153,151,145,148,149,156,156,152,138,141,149,152,151,150,145,148,147,148,152,145,137,146,151,147,139,138,140,136,143,138,150,144,137,141,134,134,132,
140,154,143,141,136,139,141,144,141,138,143,138,133,144,148,150,172,177,156,146,156,152,146,151,152,151,144,151,145,137,139,144,151,144,134,147,162,153,138,144,148,147,149,149,138,142,152,150,148,157,148,146,164,160,147,142,159,155,152,160,155,159,147,151,155,151,152,159,155,157,153,140,149,153,147,150,163,168,161,155,158,168,161,158,157,158,163,156,154,151,150,142,153,146,158,146,150,147,142,149,144,161,159,142,142,145,147,143,147,147,140,140,134,133,140,135,131,141,141,136,140,125,117,132,132,134,128,109,119,126,136,133,119,129,119,
143,167,155,153,159,162,158,163,160,159,157,157,152,149,155,172,177,185,187,158,146,159,164,162,166,175,157,154,174,160,148,158,176,174,167,170,163,171,180,174,174,175,177,170,156,161,171,169,158,155,151,158,168,162,155,147,149,151,153,152,147,148,141,146,147,149,147,142,138,146,142,135,138,146,145,148,138,143,140,141,147,150,143,143,132,135,135,135,134,134,130,134,140,136,134,136,140,139,138,133,127,141,119,116,139,137,133,126,132,125,121,129,131,130,134,129,133,131,128,127,137,135,113,114,130,135,115,105,118,131,129,125,120,130,126,
141,180,158,167,175,172,163,172,166,163,161,158,164,159,164,169,164,160,164,158,150,160,168,156,154,169,160,155,170,158,147,156,168,165,168,162,146,157,167,157,153,167,175,141,127,151,151,135,154,147,140,135,122,138,144,135,125,134,143,137,132,127,130,136,134,154,162,128,121,139,139,135,136,149,139,151,142,151,148,142,156,148,131,135,136,144,147,145,146,143,139,148,147,138,145,153,139,149,153,137,136,143,98,120,144,145,141,130,139,134,134,140,139,143,141,134,143,136,123,128,137,139,127,117,124,133,124,104,118,133,126,128,134,125,131,
138,160,143,153,154,147,142,154,160,161,158,145,151,149,148,148,148,149,147,145,147,145,140,137,137,142,142,139,139,139,142,138,131,145,143,142,157,135,122,139,151,142,148,143,154,162,154,147,154,149,147,150,161,152,137,139,145,146,148,144,146,148,144,146,147,154,148,141,145,145,148,162,167,158,146,152,150,158,161,151,152,150,144,150,151,151,148,150,151,148,149,150,155,151,133,148,149,150,150,147,140,139,97,130,147,145,145,141,140,135,137,135,139,140,139,139,130,124,130,129,129,129,123,117,132,131,118,99,131,127,121,125,119,122,125,
142,146,143,145,147,144,136,143,153,151,147,147,143,138,146,152,152,154,148,148,153,152,148,150,152,149,145,152,147,152,151,146,145,160,150,143,166,147,137,150,154,146,143,143,163,183,159,146,153,155,154,153,151,146,146,148,149,153,150,134,143,157,145,149,148,138,148,158,145,140,155,158,149,149,149,155,159,150,146,154,153,145,145,153,155,149,145,148,149,145,151,145,155,154,145,151,155,150,149,153,145,141,117,134,153,143,137,141,135,135,138,132,138,134,133,132,144,137,131,132,131,126,131,125,130,132,133,109,122,127,131,128,116,134,118,
132,148,141,152,153,150,148,155,153,148,152,158,152,150,155,158,158,159,145,150,161,155,149,149,157,161,151,158,154,154,150,144,147,150,152,150,142,141,159,165,150,141,141,136,156,160,145,150,166,153,150,152,160,147,148,158,161,147,132,150,152,143,142,154,148,141,164,162,145,143,148,147,146,153,154,147,147,151,150,155,147,149,146,148,150,149,145,142,146,148,157,153,146,142,145,146,145,147,150,148,145,125,107,141,157,146,139,141,138,136,141,144,135,133,135,133,141,135,130,136,137,130,147,145,114,124,129,107,124,139,127,126,130,134,131,
124,155,138,156,148,141,142,154,151,144,146,152,147,153,161,160,158,145,146,147,158,168,146,137,143,141,147,149,150,153,149,151,154,155,152,157,142,130,153,161,135,130,139,136,156,147,149,155,157,143,143,148,153,151,148,149,146,145,141,145,144,145,152,147,135,148,164,161,146,145,144,144,148,148,146,142,141,150,155,142,132,153,150,144,149,154,143,141,142,142,141,136,130,139,146,144,144,143,146,151,146,125,115,145,154,144,135,139,140,137,140,143,134,137,139,135,136,146,144,134,133,140,148,129,116,130,116,106,144,149,130,117,130,130,150,
140,155,143,152,146,152,157,153,152,159,161,154,152,152,160,161,156,153,169,160,152,160,146,145,158,148,146,151,150,144,142,147,157,157,151,152,163,144,152,150,154,147,144,136,159,163,158,153,158,162,151,147,166,164,146,145,142,142,157,154,145,144,150,147,153,147,147,151,145,150,147,146,141,140,147,148,148,146,146,150,149,151,157,151,147,151,145,148,145,139,135,148,141,141,142,148,146,141,145,149,146,133,109,137,146,142,140,136,132,130,139,142,132,137,141,135,142,148,139,131,133,127,125,123,128,134,117,114,135,147,140,132,131,139,128,
150,156,156,151,157,149,147,156,159,146,143,156,159,151,151,158,156,153,158,155,150,152,153,154,155,161,161,160,164,153,159,148,143,145,154,151,151,146,154,151,145,143,147,141,151,157,154,154,156,156,158,154,151,158,159,155,145,152,145,148,161,146,138,148,146,144,150,145,145,150,153,152,142,148,148,144,147,145,146,150,148,146,152,150,134,144,147,151,149,149,140,139,142,144,147,155,148,140,147,152,141,129,117,135,138,137,140,140,139,132,144,148,134,143,140,130,139,141,138,136,133,138,136,140,137,138,121,116,131,142,135,132,129,136,110,
134,157,152,159,155,156,156,153,167,163,147,151,155,156,154,152,156,154,161,158,153,152,153,149,149,153,152,159,165,144,148,154,141,147,158,158,157,155,152,150,140,144,151,141,154,155,145,145,149,149,159,155,152,159,160,158,152,154,154,155,153,145,140,145,153,152,146,148,146,138,144,143,141,148,146,154,147,137,149,151,142,148,143,144,149,158,148,141,142,144,144,143,143,141,144,146,147,141,139,151,153,130,106,126,144,138,138,143,154,140,126,132,133,144,144,132,127,132,129,135,135,135,132,132,133,132,109,118,149,154,129,120,119,125,136,
126,162,151,166,138,148,153,132,140,163,158,145,148,157,159,149,154,152,160,157,157,157,157,151,154,153,156,157,152,140,135,139,132,133,152,161,154,149,159,156,145,147,150,134,154,155,143,141,146,156,165,161,153,151,149,145,145,151,159,156,146,145,146,145,145,137,145,148,144,145,147,139,145,145,142,149,157,135,144,153,138,148,152,140,150,154,144,140,148,143,127,136,149,139,135,140,145,140,139,154,150,129,107,144,162,142,140,144,140,145,141,138,132,135,147,145,131,136,136,131,136,133,130,134,131,126,117,125,143,143,125,129,129,126,138,
128,152,157,164,148,136,157,168,149,135,158,160,153,157,158,152,157,153,155,151,148,147,156,164,160,152,157,156,148,149,150,150,139,134,151,163,157,142,149,162,148,144,146,150,164,164,149,148,155,152,150,157,160,148,143,143,147,151,146,138,150,153,143,145,149,146,149,150,146,144,150,148,152,152,151,155,154,138,144,153,149,149,148,146,152,145,147,147,149,149,142,142,144,143,146,139,139,148,148,146,152,142,124,140,157,151,147,137,133,139,138,139,144,145,142,143,141,139,137,140,136,137,133,138,134,124,116,124,136,140,131,135,125,135,131,
138,153,159,146,148,150,151,159,167,147,144,158,161,159,149,143,154,158,154,157,154,145,143,151,154,151,157,158,143,154,158,159,152,148,153,154,159,151,146,158,158,150,144,150,170,170,150,151,155,157,159,158,150,154,161,154,154,155,152,152,152,153,147,154,155,152,149,151,156,152,155,151,148,157,158,159,160,150,144,155,148,145,147,143,150,146,151,145,147,147,148,147,139,139,143,142,145,149,153,145,145,146,139,145,151,149,142,146,146,144,140,135,140,147,139,136,133,139,140,142,137,136,129,123,129,133,126,125,128,132,129,130,121,135,117,
136,156,144,161,152,152,149,151,155,154,150,152,159,163,162,160,151,157,158,160,160,158,151,148,152,158,159,157,140,156,163,157,158,159,155,150,151,154,160,160,153,151,145,150,166,171,158,155,159,149,141,152,151,152,148,150,151,150,141,142,144,143,138,148,150,137,138,146,144,142,149,145,138,146,145,145,153,157,143,147,157,152,145,141,148,144,140,135,144,138,136,140,138,138,135,143,144,137,141,147,155,145,133,135,139,144,128,115,133,141,131,124,126,135,127,129,137,129,117,125,134,136,130,125,138,155,150,133,128,138,134,132,127,132,130,
135,161,141,154,151,148,145,158,159,153,156,153,154,165,167,159,146,152,146,149,148,147,147,148,149,156,162,154,149,154,151,149,154,157,158,156,155,147,169,173,137,127,138,155,158,146,150,146,145,154,151,145,149,151,141,134,138,133,125,131,137,134,132,135,138,140,136,136,140,144,142,136,139,139,134,133,138,153,148,146,140,131,140,140,133,144,145,141,147,142,149,140,127,143,147,136,130,136,152,158,157,158,155,148,143,145,150,143,136,141,143,136,136,143,142,153,158,145,146,147,140,145,149,148,150,147,140,142,141,142,138,147,141,136,140,
135,153,161,154,145,154,146,144,156,161,158,153,154,156,153,151,152,146,134,147,153,143,136,148,158,144,136,148,160,156,146,143,137,144,158,147,151,147,140,153,150,166,175,153,153,156,162,159,145,154,162,154,150,154,161,158,155,155,155,155,148,154,152,152,140,153,153,156,157,157,152,156,151,149,153,141,142,152,151,157,160,151,148,152,153,157,149,146,142,149,150,149,151,149,151,143,141,143,152,148,141,145,143,138,141,144,147,140,133,143,146,138,142,146,137,135,135,144,143,133,136,142,143,136,140,135,133,134,133,136,128,126,132,140,126,
151,154,159,163,162,170,165,171,159,152,155,157,160,156,153,160,172,172,172,162,159,159,160,161,168,159,158,158,148,156,157,151,134,136,150,144,139,153,153,148,156,169,170,158,147,144,151,153,147,152,150,145,147,152,155,154,149,143,141,150,141,145,147,153,147,152,144,148,154,143,136,150,145,141,151,148,120,107,138,148,135,128,134,132,130,129,137,139,125,133,136,136,137,133,138,142,140,140,139,137,139,137,136,144,145,144,142,147,142,140,146,144,143,144,143,146,136,144,135,129,137,138,146,144,140,135,140,139,131,135,142,142,130,138,124,
152,171,161,165,154,161,151,146,156,162,162,164,159,160,162,153,153,174,168,143,142,150,147,143,148,144,145,144,141,153,144,133,136,144,146,143,144,147,141,145,152,147,144,149,141,140,150,139,140,151,147,157,145,145,146,148,151,148,142,145,151,156,158,152,150,159,152,147,153,157,153,150,154,149,151,159,125,95,120,151,144,132,137,137,146,142,151,147,136,142,145,141,138,138,140,143,146,146,147,150,148,150,144,148,143,144,141,147,141,146,144,141,143,138,140,139,135,139,148,149,130,132,140,136,134,136,136,140,141,133,135,141,133,137,142,
119,155,146,149,151,153,159,157,144,149,160,153,152,144,156,137,140,171,155,150,164,156,155,162,156,145,149,156,158,161,154,149,148,157,166,153,157,161,153,159,157,160,156,152,143,154,162,161,162,152,153,164,155,152,160,162,153,156,156,154,152,153,156,152,142,153,154,149,152,166,161,155,161,153,155,159,129,97,110,154,162,149,148,145,151,155,150,137,136,145,141,138,151,150,147,148,138,142,145,138,131,147,142,139,141,139,147,148,133,151,149,139,141,146,138,134,137,133,144,142,134,136,139,144,133,134,136,143,143,134,128,135,130,136,136,
140,158,152,158,158,152,158,188,175,140,141,159,161,151,158,150,154,168,141,144,170,162,160,161,159,164,159,160,159,162,160,172,167,150,153,163,156,155,158,163,158,157,158,162,156,155,152,158,165,155,151,155,157,158,161,160,153,156,169,161,145,150,153,146,151,160,153,148,157,153,145,145,148,150,160,152,126,108,124,155,153,141,148,147,145,150,135,126,149,152,132,135,147,143,140,146,142,144,141,137,148,150,141,141,144,140,141,148,153,148,151,149,143,146,141,139,145,140,145,139,144,143,143,143,136,140,141,143,134,135,134,140,133,139,121,
168,177,164,174,173,151,144,155,151,153,155,146,152,169,167,153,147,154,144,154,160,158,158,160,154,164,162,160,160,167,168,156,149,153,154,160,151,150,159,160,158,157,154,158,165,156,151,155,156,150,155,159,157,153,159,152,163,142,152,160,157,150,152,158,155,146,148,155,147,144,160,151,147,173,168,143,131,122,137,156,152,146,147,149,145,154,146,138,140,140,142,147,150,148,144,145,150,152,151,141,126,138,154,146,144,145,142,144,142,138,148,149,151,142,142,135,151,142,149,145,146,142,142,142,142,142,143,143,140,135,134,138,123,137,127,
148,172,148,159,154,155,164,167,153,153,169,165,151,157,160,155,164,160,147,158,168,159,158,162,158,154,164,162,164,162,165,159,150,156,165,158,153,158,156,152,157,157,156,161,157,153,152,154,156,150,159,158,156,147,158,157,159,158,160,153,155,152,154,164,160,145,141,150,146,144,149,148,150,165,151,134,143,142,137,148,149,140,150,156,145,140,142,145,138,128,133,141,144,145,142,140,149,149,149,146,137,143,153,145,127,137,152,144,134,142,143,142,140,134,143,145,151,140,144,142,136,139,144,143,138,137,137,134,140,141,143,140,134,134,139,
141,167,150,160,145,155,163,160,154,156,158,165,141,142,154,150,142,146,143,159,170,156,159,168,161,153,167,168,161,156,157,161,156,159,158,147,156,162,158,155,157,155,144,167,159,152,153,159,156,158,161,158,151,148,154,159,158,150,150,152,152,158,159,151,160,154,142,147,155,153,145,142,147,147,150,140,141,147,121,137,166,148,143,147,146,149,138,137,147,142,131,131,143,149,139,136,145,133,136,146,150,145,133,139,137,138,149,141,121,135,144,135,143,146,141,142,146,141,139,139,133,134,142,136,133,145,135,121,127,133,140,134,139,136,141,
142,162,166,162,158,156,149,149,160,166,145,151,171,163,147,143,155,156,139,154,170,167,162,156,155,159,166,158,159,168,162,160,144,155,158,153,161,160,154,158,161,155,155,160,157,163,157,150,155,162,154,152,152,153,156,156,158,156,153,144,144,146,140,142,152,148,148,149,148,149,154,148,147,155,157,147,148,140,123,144,156,149,158,149,139,145,137,139,147,138,136,137,140,135,136,147,145,143,144,143,148,145,135,141,147,143,146,144,136,149,153,140,135,138,142,145,141,129,130,149,137,128,136,137,127,140,136,142,145,133,126,134,134,143,131,
141,158,155,160,167,166,155,157,160,157,156,150,137,147,166,146,135,163,150,155,161,168,159,160,156,167,161,157,161,165,158,160,155,160,161,161,165,160,147,155,165,155,159,159,156,159,161,159,165,159,158,153,157,159,153,158,153,160,160,154,140,155,161,154,152,148,153,156,153,150,151,148,151,160,154,143,149,140,126,147,153,142,148,153,147,145,139,147,154,144,142,143,145,143,139,146,153,147,139,146,146,144,146,142,143,150,149,137,137,141,143,136,139,144,145,146,135,135,135,141,153,146,143,147,142,135,134,145,144,140,133,138,132,141,130,
133,165,145,158,164,161,148,155,161,159,158,162,173,159,158,152,142,154,146,162,168,167,153,151,154,165,160,161,159,158,153,156,160,162,169,160,150,158,158,157,161,160,151,153,157,163,163,160,156,153,161,154,161,160,149,154,154,158,154,153,153,157,147,146,150,153,152,151,155,148,148,156,152,152,155,147,138,139,135,145,152,142,143,147,145,140,142,143,140,137,137,136,142,151,140,142,160,151,137,145,145,141,150,146,135,150,146,139,149,143,142,144,140,148,151,148,143,141,141,139,139,137,142,146,140,137,139,138,140,142,141,136,137,137,138,
129,171,164,160,158,166,162,155,153,146,149,156,153,148,153,154,139,147,147,160,165,156,156,162,159,151,151,150,141,156,160,153,148,151,157,147,154,163,168,160,159,161,160,153,145,156,164,160,138,156,155,142,156,162,154,157,161,148,162,162,145,156,155,152,141,150,156,150,151,152,148,150,152,150,146,146,140,139,150,150,143,145,150,146,137,141,148,137,135,147,152,143,153,151,133,146,146,133,138,137,140,138,145,150,129,128,133,136,131,131,139,144,140,132,129,136,141,128,132,138,141,142,138,140,125,136,137,134,124,129,133,133,138,132,134,
142,155,156,154,167,168,166,160,160,154,153,161,163,151,154,162,156,151,145,159,167,155,157,159,156,159,155,159,151,155,156,154,153,155,155,150,152,156,152,147,150,152,158,151,153,153,153,158,161,165,153,144,143,156,153,143,156,143,158,161,141,161,159,145,143,136,139,164,166,166,159,150,151,156,150,147,145,132,131,148,149,146,148,142,139,145,141,144,144,134,123,128,138,146,141,140,146,137,135,138,140,142,136,135,149,146,128,121,124,139,136,135,129,128,130,127,134,127,124,141,133,131,134,138,135,132,125,139,135,133,133,133,121,138,128,
143,158,145,151,160,153,154,160,160,159,155,157,161,152,154,155,160,153,135,157,166,150,155,159,166,161,159,157,151,155,155,165,168,159,155,166,168,155,148,155,150,145,152,152,149,144,151,147,144,153,146,147,151,151,149,149,151,151,147,140,144,153,144,134,146,137,137,150,155,151,159,154,142,152,156,152,152,153,136,138,143,134,133,135,137,134,126,133,127,129,132,135,129,133,135,131,139,144,143,139,136,139,142,141,143,145,146,145,152,142,143,148,146,150,153,146,147,145,133,151,146,144,144,148,158,147,140,145,144,145,146,148,140,145,140,
137,161,137,153,148,151,152,150,152,151,155,156,149,149,153,154,142,147,138,163,166,149,151,152,155,154,151,145,138,139,150,148,142,141,136,144,158,155,145,147,157,151,142,155,163,137,134,145,139,148,154,151,144,152,156,155,152,159,156,146,146,151,151,152,153,152,146,148,149,147,157,154,148,148,146,152,166,172,149,151,158,155,153,152,150,154,154,143,138,143,148,157,155,156,155,151,155,164,169,159,151,157,167,166,159,156,156,157,169,158,155,151,140,139,133,127,142,160,155,149,156,152,147,145,151,157,151,133,131,135,142,142,141,134,139,
127,159,144,147,147,146,149,147,148,148,143,142,144,147,152,163,157,163,153,165,162,154,159,157,156,163,162,155,151,154,161,157,151,156,155,145,148,149,154,160,162,159,153,139,143,162,160,151,158,162,158,161,161,157,162,164,155,157,168,156,150,163,161,160,158,159,161,172,152,155,155,149,156,155,151,153,158,155,146,150,161,166,159,145,134,149,157,139,142,144,143,152,153,147,142,147,149,148,159,166,160,147,149,144,147,141,141,137,136,138,134,134,135,137,131,117,120,142,139,139,135,131,139,135,121,130,144,132,125,120,130,136,136,136,123,
154,163,157,164,174,162,160,170,172,168,154,149,168,163,154,158,170,172,163,167,172,174,163,158,171,172,172,172,172,173,173,173,172,174,175,172,174,160,168,184,174,173,173,170,187,190,185,188,189,167,144,158,164,159,160,162,156,149,151,156,155,152,155,153,152,156,153,145,146,147,143,141,146,154,151,139,139,146,145,141,145,147,146,139,119,127,142,152,146,146,142,146,143,140,141,142,141,140,142,143,137,121,120,122,131,132,128,132,133,135,134,135,135,137,135,134,139,128,118,136,145,133,127,133,113,119,140,140,132,136,135,137,136,144,121,
152,162,155,169,164,161,161,166,172,169,165,165,159,144,144,154,160,155,158,156,151,159,150,151,157,147,155,164,155,147,154,155,150,152,152,150,148,151,149,146,157,163,161,161,162,162,158,163,164,158,138,152,147,150,145,153,153,150,155,156,149,146,153,147,145,156,165,162,155,154,155,157,154,155,148,154,162,157,140,140,146,151,155,157,141,142,145,171,170,167,149,155,152,158,159,145,145,149,154,145,123,124,142,130,133,136,131,135,134,136,135,134,130,136,134,135,150,140,128,131,141,137,133,133,126,121,124,130,135,139,130,132,132,137,130,
130,159,140,153,144,150,151,152,150,154,152,146,144,156,160,152,155,148,155,158,146,145,149,152,160,161,157,156,150,138,138,145,156,146,143,149,156,159,150,142,137,131,142,160,159,161,159,171,164,163,158,160,158,153,143,150,160,151,153,160,152,154,154,152,164,164,162,153,142,153,156,152,148,153,153,154,162,159,150,155,155,156,153,151,153,154,151,155,164,164,150,152,148,152,156,148,143,145,145,139,128,130,139,125,124,133,142,135,126,133,133,131,133,140,136,134,129,130,137,130,125,122,126,122,106,115,138,139,134,123,132,132,138,132,135,
143,161,155,170,165,160,152,157,144,161,161,145,141,160,156,148,151,152,159,163,161,162,159,152,147,157,165,157,151,154,145,153,161,151,160,154,161,160,162,144,127,132,138,170,164,151,160,160,151,165,166,149,145,162,160,148,156,148,143,155,156,149,150,152,157,153,144,146,149,152,146,146,155,149,151,152,157,158,157,153,155,159,151,144,144,152,150,150,156,155,148,146,142,146,153,151,159,147,147,153,128,123,144,140,131,130,135,137,136,142,135,130,139,131,125,140,126,127,136,132,123,125,138,126,109,122,153,157,135,117,137,133,121,129,124,
158,162,159,165,172,160,154,162,164,166,160,163,165,163,151,162,170,159,155,166,167,148,143,156,154,148,159,162,163,153,162,162,153,150,154,151,156,154,161,153,139,130,135,164,164,149,155,154,149,155,159,153,148,163,161,149,153,160,160,149,160,158,153,154,166,156,141,151,162,160,151,147,151,152,150,149,157,161,157,154,154,157,150,143,140,147,150,156,150,141,146,146,147,151,138,144,169,155,147,148,129,119,139,143,135,136,137,138,136,138,137,139,140,137,131,142,139,137,128,142,137,130,130,131,121,114,140,152,130,128,141,140,123,138,124,
144,159,154,170,167,160,154,159,166,162,168,165,156,165,172,167,153,149,161,163,168,162,166,156,152,153,167,154,160,152,158,155,148,147,145,152,158,151,151,160,149,127,135,171,170,152,158,150,155,157,146,145,161,151,154,154,152,156,162,160,149,147,153,155,156,157,152,151,155,151,151,152,148,152,158,154,153,160,153,155,151,154,150,141,145,143,150,152,151,148,146,137,145,144,132,143,157,154,144,138,137,132,146,145,136,137,147,138,132,139,139,138,148,140,137,133,138,133,128,135,143,137,130,135,119,116,139,138,125,134,141,140,116,128,130,
137,175,152,159,155,158,164,167,160,153,166,157,145,151,164,157,158,165,166,153,151,154,158,155,149,147,165,164,152,152,154,152,155,157,147,149,159,148,149,153,138,140,136,167,168,148,160,147,148,152,145,144,159,154,159,154,150,153,152,153,152,149,146,149,149,152,154,154,151,150,140,151,153,148,148,151,133,150,157,145,139,144,148,152,148,144,152,147,145,144,146,149,149,140,137,138,152,153,140,138,137,126,153,137,141,137,143,144,141,143,139,135,147,143,141,135,139,137,134,132,139,138,132,128,116,117,136,134,130,138,133,134,118,129,130,
148,168,145,147,141,155,157,150,150,151,159,159,163,161,142,143,169,161,152,159,155,152,155,159,156,146,145,164,165,146,156,162,144,145,154,143,138,147,161,153,146,155,130,147,158,151,157,159,154,146,153,158,153,153,157,151,136,143,151,152,148,152,142,149,149,152,152,152,140,159,152,149,159,158,135,143,153,150,149,149,143,135,145,158,148,140,143,154,153,134,142,149,151,143,141,146,153,149,143,145,131,118,151,149,145,139,139,152,157,148,139,136,139,139,137,139,143,140,135,128,139,136,130,136,117,93,115,140,135,123,124,133,127,135,124,
159,167,143,153,158,161,161,165,157,153,152,156,167,168,150,156,166,157,159,161,153,149,152,159,150,149,149,158,159,158,156,157,155,149,160,155,150,154,156,152,153,143,130,147,158,151,145,153,158,153,152,153,150,150,153,151,151,152,152,160,161,150,149,160,142,145,151,152,138,149,156,144,143,157,149,146,151,151,147,150,161,156,153,152,154,149,138,141,141,142,147,152,143,139,143,153,155,152,151,136,115,117,159,171,148,137,134,139,152,142,130,129,134,136,131,135,139,138,142,134,146,143,139,142,114,113,147,154,128,116,128,136,124,139,128,
152,179,148,159,167,163,154,161,162,157,158,157,159,163,159,159,159,150,158,164,146,144,149,158,156,150,156,155,149,155,149,153,153,146,149,152,152,146,152,158,151,129,141,162,158,150,146,152,152,152,149,155,155,148,151,150,150,149,144,150,164,145,143,155,159,153,151,151,151,152,135,140,151,140,149,159,157,152,154,156,159,152,155,150,142,152,149,134,144,158,146,148,150,148,150,155,153,159,158,139,116,127,147,130,132,144,142,130,142,138,133,138,136,132,133,132,136,137,133,139,143,138,136,134,117,127,150,143,120,132,150,142,131,136,140,
139,175,153,162,159,155,149,164,157,159,165,150,146,150,164,153,144,153,162,166,172,167,150,150,153,144,152,155,144,139,158,170,155,144,152,151,146,147,153,152,143,133,145,163,156,157,160,151,149,160,148,150,165,154,147,150,149,142,137,139,141,147,144,146,146,152,147,152,149,151,144,155,168,146,142,148,161,156,154,159,146,148,155,159,165,162,162,161,153,157,160,148,144,150,155,157,151,146,144,138,117,122,140,141,139,128,136,133,138,141,135,131,130,124,131,140,135,132,141,140,132,124,130,137,122,122,132,128,122,127,138,130,129,129,132,
141,154,165,168,150,163,148,150,156,162,165,149,139,143,166,155,144,161,164,158,163,158,152,150,157,153,142,153,159,133,125,162,165,135,158,171,137,145,154,162,147,142,150,163,153,151,161,153,148,153,152,149,154,162,167,156,141,151,159,150,152,160,150,151,141,159,152,150,133,140,154,152,151,153,143,148,168,160,150,158,151,152,158,155,149,160,163,154,142,154,162,150,137,147,146,155,157,131,129,152,155,119,127,156,144,120,125,138,142,132,128,136,136,127,125,135,132,127,130,129,137,128,131,148,137,119,125,131,128,126,126,119,114,128,122,
149,166,160,151,148,157,147,158,159,154,149,149,154,152,150,154,165,156,145,154,147,138,140,148,156,149,153,153,142,145,158,158,145,153,151,148,137,142,140,152,159,146,140,156,153,148,148,152,164,156,141,154,147,138,158,157,139,140,148,152,168,160,143,138,155,148,154,155,149,149,148,141,139,149,152,145,147,151,154,154,150,153,154,152,153,159,148,143,165,165,155,154,153,164,158,152,144,148,160,165,169,159,156,152,150,151,151,159,161,152,143,145,154,148,146,146,151,146,155,160,151,150,155,165,158,141,150,152,143,144,145,149,136,149,138,
143,170,152,164,163,157,150,149,149,146,148,152,155,167,166,151,160,146,147,158,159,148,146,149,148,157,151,152,148,141,141,144,135,138,138,142,147,139,127,137,154,158,151,146,156,157,155,151,153,144,143,155,165,144,152,155,151,149,151,152,156,157,150,142,155,156,153,152,157,157,154,147,153,161,160,153,153,150,155,152,149,158,156,159,161,159,148,156,161,158,151,152,159,159,156,161,163,162,160,159,152,152,153,147,143,152,152,149,145,153,152,135,124,138,147,145,146,144,145,138,133,137,138,134,133,133,126,125,133,136,131,130,131,134,120,
130,146,134,149,145,149,149,152,151,154,156,150,144,143,144,150,157,152,164,154,146,148,159,151,145,158,146,150,158,150,145,149,146,148,157,156,148,154,157,154,157,170,173,160,152,158,160,158,155,160,170,154,153,156,160,156,155,161,158,149,156,160,159,164,148,149,147,149,160,161,156,148,160,161,158,153,156,152,153,144,132,139,149,150,138,140,138,138,140,140,141,140,136,127,137,137,123,133,128,132,132,135,140,137,135,143,138,135,128,136,142,137,140,141,138,138,132,136,147,146,125,125,125,129,130,133,136,137,138,130,135,132,124,123,128,
143,155,151,157,162,161,149,147,145,160,158,145,150,145,146,160,146,167,186,149,134,139,145,151,146,136,145,152,138,143,149,141,139,132,161,150,127,137,154,147,149,138,131,144,144,147,146,144,151,146,126,140,152,150,139,141,145,154,157,149,159,144,133,153,135,137,151,147,149,145,152,155,145,143,152,141,133,143,155,148,131,128,148,153,136,141,147,144,141,142,148,141,152,141,148,151,135,141,142,141,129,140,155,153,155,151,148,149,133,133,145,150,148,144,142,148,141,139,148,151,134,141,136,141,142,137,141,143,140,134,138,138,130,138,132,
150,162,151,153,158,161,150,145,152,150,147,147,148,157,165,151,137,151,163,163,161,145,152,157,157,141,151,158,151,154,171,161,158,132,154,172,158,145,153,158,153,149,150,151,153,162,157,146,154,156,149,166,163,158,135,139,157,139,150,160,157,143,138,149,140,140,149,151,150,145,148,151,150,143,136,147,153,139,134,150,139,147,149,143,149,155,154,155,143,145,150,144,143,139,150,149,142,148,148,148,158,157,148,153,152,146,148,143,148,146,142,148,152,153,146,139,146,148,145,145,154,142,138,136,137,140,141,135,132,135,139,136,126,142,134,
142,164,145,160,160,154,151,155,156,153,148,152,154,151,161,172,156,136,137,157,156,133,140,145,152,152,147,151,160,156,153,146,150,151,157,156,156,156,154,147,150,154,160,162,160,156,154,150,151,156,150,145,150,150,146,145,160,151,141,148,159,152,148,162,165,141,133,145,138,138,142,140,140,142,148,156,168,144,119,145,137,133,143,140,137,142,145,145,144,146,148,149,145,149,152,149,146,144,143,145,145,149,148,147,151,145,144,145,151,141,141,146,151,150,148,150,147,149,147,144,149,135,140,147,137,138,140,141,140,140,148,148,140,133,135,
131,168,153,157,156,155,158,157,155,151,154,162,167,151,143,150,155,131,130,160,155,145,163,163,141,145,148,146,151,149,147,150,143,149,168,163,145,151,160,154,140,143,152,153,152,154,153,150,151,152,147,153,150,155,153,144,148,149,143,150,156,147,149,154,163,149,146,146,139,153,153,146,151,155,146,138,153,144,129,145,141,142,149,148,143,147,149,144,146,150,150,149,143,139,155,152,143,143,147,150,149,145,143,146,151,149,145,141,139,143,147,151,151,144,141,148,150,146,138,136,137,144,139,137,143,139,132,142,139,136,148,157,142,128,133,
136,159,158,158,145,151,157,157,162,145,154,166,155,151,147,165,177,140,130,161,152,138,162,160,150,156,153,153,159,160,145,144,154,153,159,159,152,149,153,154,139,146,159,157,150,149,146,156,159,150,158,167,152,154,160,158,146,152,153,161,160,137,147,152,145,145,150,146,144,144,136,138,148,146,146,141,141,138,144,149,140,139,144,143,144,150,154,147,150,145,145,152,145,127,149,145,129,143,153,141,130,143,144,147,146,150,150,138,141,151,150,144,150,151,146,145,155,144,129,133,133,146,139,131,144,141,136,131,133,137,142,142,132,143,130,
159,164,147,167,160,154,152,153,156,156,161,149,142,150,156,170,169,144,117,161,168,139,146,160,160,160,154,145,148,157,158,158,168,162,141,146,152,148,155,155,154,155,150,150,153,148,142,155,170,151,142,151,153,149,144,152,145,149,149,155,155,142,149,155,145,151,158,152,147,141,130,140,148,146,151,152,149,134,133,140,137,145,148,145,143,145,149,140,138,143,150,149,144,145,144,145,148,141,143,150,149,150,143,144,143,147,151,142,141,143,150,143,147,142,147,146,151,144,133,142,145,140,139,134,139,141,130,131,140,137,134,140,135,146,134,
144,159,143,166,164,157,152,155,152,149,155,159,141,139,158,167,167,151,111,155,169,156,149,156,158,161,158,157,158,148,147,154,161,162,149,154,160,149,151,156,152,149,151,166,160,144,134,142,163,151,142,150,156,155,155,156,149,150,148,150,157,151,149,150,150,142,138,146,155,151,143,150,153,152,152,152,154,134,127,140,147,135,127,144,150,147,138,139,143,147,150,144,147,149,143,145,145,143,153,147,130,134,147,146,141,142,147,143,140,142,150,147,142,142,150,149,148,139,133,141,148,140,137,133,137,144,129,138,150,143,138,139,140,137,143,
137,164,153,161,164,162,153,150,157,150,148,161,155,147,160,163,165,148,128,159,166,153,151,158,164,165,156,157,155,150,158,167,155,153,150,149,164,149,147,156,154,151,148,154,163,154,158,155,144,151,150,153,156,151,148,147,150,155,143,145,155,160,153,152,143,145,147,143,135,148,147,148,151,150,145,142,139,138,145,147,146,152,148,140,148,147,143,146,147,146,146,144,145,137,145,147,144,141,148,146,150,147,157,145,143,148,145,145,137,139,146,144,135,139,146,140,131,140,147,143,140,138,139,144,132,135,139,135,138,143,137,132,137,138,139,
156,170,160,151,155,166,154,152,158,154,150,153,146,146,159,161,151,126,125,163,165,149,157,158,149,153,151,155,151,151,162,167,151,149,158,161,161,151,146,148,149,154,157,154,154,153,160,160,146,147,157,155,150,151,154,153,146,154,150,149,142,152,149,156,142,134,138,147,125,138,151,145,151,157,148,147,153,137,138,141,129,141,139,133,137,142,148,146,146,146,150,149,140,129,147,146,140,145,141,142,149,146,148,141,141,141,142,140,136,143,145,140,143,142,141,141,143,152,159,149,146,139,137,139,128,131,137,130,144,148,132,138,134,143,126,
150,169,157,157,156,160,150,155,157,154,149,151,161,153,148,158,148,126,111,166,170,158,159,167,157,157,153,148,165,161,152,153,157,153,158,160,155,157,155,153,151,154,159,157,151,153,160,160,154,150,154,149,147,147,150,153,148,151,148,147,153,150,151,150,148,150,145,151,158,150,135,135,154,158,149,141,130,135,140,147,145,142,137,145,146,143,138,143,147,147,147,148,146,147,145,140,146,148,144,141,142,146,144,145,148,147,142,133,136,146,146,138,140,141,141,137,138,137,137,142,138,136,133,133,134,133,130,134,139,134,124,132,133,142,126,
136,178,155,164,160,154,158,162,155,153,156,159,150,147,158,164,175,134,98,168,167,164,160,164,149,153,158,152,160,156,155,154,147,147,157,160,155,154,153,152,150,154,154,153,147,161,167,154,146,151,157,155,153,147,158,150,144,148,150,154,149,144,159,160,148,148,156,149,141,143,149,151,153,143,160,136,88,88,136,153,154,156,139,134,150,146,142,147,145,144,145,143,146,147,134,130,146,144,140,139,138,141,143,142,148,149,148,142,128,133,142,142,136,141,140,135,135,136,134,135,138,147,142,139,150,141,134,145,141,136,141,139,142,141,146,
137,169,152,160,155,150,153,159,166,159,151,151,152,154,154,157,172,130,96,146,169,167,151,141,143,152,150,148,150,147,143,150,154,144,153,144,151,143,144,145,143,147,147,151,145,147,159,146,129,136,136,138,140,138,145,143,141,140,149,150,138,137,134,135,140,139,142,136,134,136,145,147,150,155,153,147,146,139,146,141,141,143,144,147,149,143,144,145,148,153,149,145,139,142,152,159,154,154,153,153,154,158,159,153,153,155,155,152,148,153,153,154,156,157,157,154,153,161,164,161,167,166,167,157,153,150,149,154,158,156,168,166,149,146,150,
145,148,146,144,151,164,149,137,143,150,145,140,150,146,136,136,152,159,138,139,149,150,151,140,134,142,146,142,135,145,148,150,146,147,163,147,140,145,147,145,154,156,165,167,153,149,154,159,156,153,161,174,160,157,157,162,168,158,162,164,173,169,167,176,172,175,174,190,191,173,168,167,162,164,174,186,174,162,162,164,162,162,166,173,168,163,173,161,159,165,162,160,146,155,158,163,160,158,158,156,158,157,155,161,154,157,168,156,146,153,157,153,150,159,160,158,143,153,177,160,113,114,165,157,133,141,150,149,149,141,144,150,119,139,137,
152,170,171,173,168,167,171,169,164,162,165,163,164,174,172,147,163,189,192,186,189,189,188,176,174,175,168,169,190,170,171,184,171,180,175,177,174,181,169,165,185,176,161,164,172,170,168,177,173,177,176,176,171,174,173,167,171,167,168,172,175,172,167,174,185,186,164,166,176,169,157,156,157,158,159,159,159,153,153,153,151,160,162,160,157,159,161,151,159,160,158,159,162,163,155,149,149,156,156,159,158,137,149,170,157,147,156,160,152,157,159,158,152,161,164,157,124,143,177,143,76,111,171,171,151,153,152,146,149,147,145,149,147,158,144,
157,204,175,187,190,189,178,185,189,175,187,177,166,173,176,161,174,187,187,173,168,166,177,175,160,167,176,165,169,163,162,160,157,160,154,151,158,165,166,165,160,160,134,126,151,168,161,171,168,175,168,164,156,156,161,155,150,150,155,160,156,157,165,163,159,163,168,167,158,156,161,152,151,155,161,152,151,157,155,151,148,154,156,149,148,153,157,160,159,160,157,153,161,158,161,161,156,160,166,163,166,147,147,165,179,159,157,158,157,152,157,159,158,158,158,159,144,151,164,149,128,134,153,169,157,150,148,145,149,146,150,149,147,139,148,
147,168,152,167,170,175,159,152,153,143,152,154,124,123,159,170,148,150,154,156,158,159,167,160,159,168,163,157,158,159,162,155,150,162,159,166,159,158,156,168,167,157,135,139,153,167,157,157,166,173,165,156,156,157,156,160,161,155,154,160,155,160,170,175,160,164,162,160,166,161,166,158,167,158,153,154,150,155,158,157,159,159,155,156,152,154,159,157,153,158,159,154,159,155,154,152,154,146,148,152,150,134,142,158,170,156,158,154,155,151,151,152,153,151,152,151,151,149,150,148,130,142,152,155,153,151,146,151,146,145,147,145,141,144,143,
169,161,157,174,153,161,167,157,155,161,155,160,140,149,178,182,161,157,157,165,163,160,172,162,157,161,160,161,171,162,155,158,161,173,155,162,159,161,155,152,169,165,144,151,142,147,161,151,146,155,168,160,158,157,160,160,167,167,158,165,172,168,158,166,160,166,172,167,162,164,161,160,172,163,152,157,161,158,155,152,163,155,154,157,149,150,162,159,158,159,159,158,156,157,151,150,152,150,159,159,135,118,137,160,154,143,149,152,152,148,144,149,158,151,148,143,150,143,146,145,136,142,145,152,158,151,144,150,143,142,149,149,129,154,137,
160,177,152,162,161,169,168,172,174,162,170,173,143,133,159,165,157,156,160,161,172,159,158,158,155,160,166,159,155,161,155,150,157,161,155,152,157,161,163,154,147,154,154,144,132,158,160,155,155,148,154,156,161,160,159,154,151,156,162,160,148,155,157,157,159,161,165,163,163,165,161,160,160,168,169,163,170,162,159,159,171,162,161,160,173,159,171,173,155,160,168,158,147,150,152,153,154,151,156,156,142,143,158,150,144,142,150,145,148,145,146,150,150,145,144,142,150,151,145,143,139,131,142,153,148,149,150,144,144,143,147,151,136,141,136,
144,179,160,179,168,169,167,172,171,166,178,170,136,150,179,164,158,161,161,159,166,162,160,163,172,167,170,169,173,179,171,167,159,157,161,161,167,173,167,163,154,160,131,131,151,178,164,151,160,160,152,158,154,152,155,155,152,158,163,163,153,148,166,168,161,164,165,159,161,161,163,167,155,159,161,157,156,156,167,166,161,167,162,156,171,160,153,156,153,154,156,151,152,154,148,149,142,146,151,154,145,159,157,143,145,147,147,142,150,148,142,150,146,144,148,145,143,143,142,143,130,131,150,159,142,142,148,143,140,143,137,139,141,140,144,
148,176,172,186,170,171,167,167,170,165,170,171,136,141,171,182,166,169,177,174,167,172,176,173,168,167,169,162,168,170,170,170,167,160,163,167,158,158,156,164,161,157,129,142,150,160,166,159,151,155,160,155,147,154,163,151,151,156,157,157,152,145,160,160,157,162,163,158,165,162,163,159,152,160,166,171,164,159,155,157,165,163,162,155,144,148,148,149,153,147,146,153,155,144,139,146,143,149,158,151,141,144,134,139,146,144,141,140,139,140,142,139,138,147,150,142,141,142,144,144,142,146,151,147,152,144,148,144,142,148,143,145,143,146,136,
161,168,171,164,166,167,165,167,172,168,165,163,153,155,166,171,156,148,146,165,172,153,146,163,163,166,160,152,161,162,161,159,164,162,159,162,160,154,151,153,154,151,145,151,153,150,156,168,156,152,158,151,146,151,156,144,157,149,152,156,142,150,155,157,154,157,161,160,157,164,165,158,163,169,161,151,154,161,150,158,173,163,153,156,158,159,158,159,151,154,157,156,158,149,144,148,159,158,154,151,160,161,155,154,156,157,154,152,153,156,158,148,158,154,156,157,162,158,155,155,152,141,162,159,154,153,152,144,146,135,151,166,140,162,152,
150,172,158,164,162,165,161,161,165,166,166,160,152,154,175,166,155,167,160,155,165,160,160,162,158,153,151,156,162,169,163,163,169,162,154,162,172,159,152,161,160,151,153,161,158,153,160,160,150,156,168,159,164,158,162,160,161,162,165,166,171,175,170,171,168,168,167,166,171,169,171,168,164,164,172,168,154,158,162,163,166,168,168,165,171,167,162,163,159,160,160,159,154,155,159,164,165,151,146,150,153,161,155,155,151,159,158,154,151,148,151,150,155,142,149,146,141,133,132,144,139,126,145,152,128,125,123,118,115,109,121,125,109,96,109,
138,172,153,165,164,162,161,162,170,163,157,158,157,138,154,172,169,164,163,167,165,166,161,154,158,162,161,162,173,172,161,169,163,159,171,164,165,171,167,166,167,170,163,164,161,154,159,157,157,163,158,148,164,166,159,157,162,159,159,155,152,147,148,149,152,145,146,142,142,130,131,157,155,138,130,141,150,133,131,134,126,130,127,115,119,117,108,106,109,111,109,99,97,103,97,129,159,153,117,87,99,104,92,95,94,101,90,86,90,84,77,86,91,86,86,80,78,81,79,106,134,151,134,93,81,80,77,78,80,69,79,77,88,70,86,
150,169,163,159,158,166,172,165,164,154,170,169,144,144,163,158,147,152,152,146,155,153,145,145,144,140,133,138,127,129,123,124,129,129,129,118,114,115,115,118,114,108,109,108,97,112,136,156,149,98,85,99,91,93,96,94,89,90,102,100,84,73,87,87,92,86,87,92,85,86,86,138,167,118,43,42,75,85,78,68,69,83,85,84,80,78,76,84,77,74,86,86,76,79,65,110,154,165,117,63,79,80,76,76,78,78,82,91,83,79,87,93,90,84,95,97,82,79,69,72,126,170,144,87,65,69,87,85,81,75,79,82,81,84,72,
130,109,129,139,112,117,129,127,116,111,113,110,93,94,100,88,90,100,90,80,81,119,153,167,122,63,41,96,76,80,86,82,81,88,91,85,77,80,86,83,84,82,84,84,68,75,114,169,150,56,62,93,89,83,87,92,87,91,90,81,93,94,95,92,78,109,95,96,94,89,87,121,170,130,42,48,92,95,77,87,89,84,84,83,81,82,81,85,90,76,83,88,81,83,76,111,161,168,114,46,40,67,75,74,84,79,79,86,78,79,82,74,81,81,80,84,90,86,71,72,119,147,153,103,56,64,80,77,80,85,86,89,71,77,72,
100,75,58,74,83,90,78,82,92,95,93,93,86,83,90,88,91,93,96,95,44,116,177,174,118,59,48,93,92,93,97,94,92,99,97,89,87,96,97,91,91,95,90,89,74,67,94,172,153,71,78,102,99,89,89,95,93,98,95,90,91,90,97,101,95,91,92,101,99,95,89,114,171,133,57,56,74,92,85,92,83,87,91,92,87,86,91,84,87,83,86,87,92,97,87,84,132,171,123,52,53,78,91,80,79,88,90,79,82,89,91,82,82,83,82,83,81,92,76,65,104,137,146,103,48,54,79,75,76,74,68,76,65,67,72,
86,79,74,94,81,91,104,86,96,96,95,87,87,87,90,95,94,94,94,81,62,95,165,176,124,70,56,95,98,83,83,91,96,93,91,94,98,97,96,97,96,92,89,96,79,75,90,159,146,81,65,109,107,96,95,100,100,93,98,103,91,95,101,97,105,101,97,97,96,90,96,102,175,138,58,44,62,96,79,77,79,84,81,74,82,83,77,85,87,86,77,82,77,75,68,58,112,163,148,81,59,60,82,78,85,75,73,86,82,78,79,85,78,70,76,79,74,77,67,55,69,115,144,138,82,44,65,69,74,74,74,68,74,74,74,
94,79,87,126,96,98,111,86,101,99,97,95,91,95,94,91,101,96,97,100,85,92,150,167,132,79,52,100,94,81,84,93,81,83,89,91,84,87,89,82,82,87,82,73,68,78,97,146,160,112,60,64,91,95,86,80,88,90,85,81,85,96,89,90,84,92,93,90,87,91,95,93,171,163,86,32,39,73,78,84,71,81,82,51,73,78,75,72,70,88,75,68,69,75,78,56,95,133,139,104,74,52,79,77,76,84,82,79,80,88,82,77,82,88,88,77,95,91,90,89,83,101,137,154,123,77,92,101,95,104,111,101,106,117,108,
81,53,55,91,77,88,81,81,81,74,84,83,70,82,86,81,87,78,82,85,63,83,143,179,154,98,49,82,92,88,88,95,95,88,88,88,84,82,81,82,90,85,71,78,89,82,85,138,181,116,56,72,99,85,87,94,97,96,103,106,87,86,99,107,93,96,111,115,106,112,111,116,155,163,120,85,101,118,112,114,120,127,127,129,128,127,124,132,130,122,117,126,135,130,137,137,135,140,136,137,128,101,117,131,126,121,118,123,126,116,117,126,111,115,121,86,120,107,121,112,97,95,116,130,119,80,77,90,91,91,86,91,80,84,79,
93,63,48,85,77,87,94,89,80,81,78,70,76,83,77,78,79,80,81,86,80,80,123,184,191,123,67,87,106,104,107,118,116,116,111,107,117,119,121,123,124,131,139,139,138,143,131,131,166,139,120,138,134,144,144,135,140,151,151,140,130,135,135,128,128,129,131,124,123,127,119,116,141,145,143,131,107,108,118,94,121,125,114,125,123,122,109,117,113,107,104,112,102,95,105,100,97,121,155,140,80,61,77,85,84,82,74,74,81,77,68,70,71,74,83,78,79,74,70,67,79,69,73,124,158,103,34,32,63,70,58,65,65,65,66,
142,137,112,142,154,140,146,152,141,128,129,136,133,121,118,126,126,124,127,129,129,113,99,126,162,165,114,67,100,104,94,98,96,93,92,99,104,97,93,92,90,89,83,82,89,95,84,87,120,173,128,57,56,77,66,69,81,79,79,83,88,91,89,94,88,88,87,92,91,85,91,82,106,140,173,141,46,27,87,88,78,84,83,79,88,82,79,83,82,86,82,77,86,90,81,81,82,84,141,171,169,79,46,77,81,69,73,80,78,81,76,76,90,79,72,82,79,80,79,80,76,73,68,80,161,158,107,62,65,72,76,76,71,76,76,
168,127,60,50,98,95,97,86,85,90,86,88,79,92,102,91,87,96,91,83,99,106,104,116,146,169,119,61,95,98,93,89,95,91,89,92,90,86,92,94,84,89,95,92,86,94,93,82,91,162,165,79,41,82,90,74,74,84,91,87,80,89,92,94,85,91,90,87,90,90,96,88,77,118,172,173,103,44,62,88,79,83,79,78,86,83,83,87,83,83,83,78,79,78,82,82,79,61,103,163,179,112,46,58,85,81,78,76,72,82,83,78,70,82,83,74,75,82,80,75,89,85,70,71,145,155,127,38,54,69,77,70,62,73,69,
182,129,37,74,102,82,84,100,100,89,90,101,93,90,101,99,92,84,99,105,102,88,87,106,163,175,130,50,74,92,98,102,88,92,108,86,87,91,88,90,90,94,91,89,92,93,97,90,76,160,181,115,54,66,91,90,86,85,90,91,86,85,89,90,95,93,85,88,90,94,95,95,87,99,146,174,137,54,47,84,81,78,81,81,84,79,83,84,87,79,70,78,90,87,80,83,83,62,73,127,175,153,60,43,85,79,67,79,80,75,70,76,64,74,80,75,75,79,70,75,83,79,67,58,96,137,154,108,51,47,72,71,64,73,68,
170,146,46,66,95,97,92,101,103,97,97,99,109,99,92,93,108,95,98,94,99,97,94,107,144,181,149,37,67,104,94,99,84,90,92,86,93,91,90,92,92,90,92,91,89,88,97,90,61,140,173,127,52,47,95,88,82,81,78,83,89,90,90,85,86,82,88,93,90,85,82,90,79,79,132,170,174,88,47,85,81,75,80,83,82,76,83,80,79,87,84,78,79,78,83,86,78,75,75,108,147,177,83,30,73,78,72,79,82,77,74,82,91,76,74,77,79,83,71,73,83,80,73,68,81,127,153,130,69,44,68,72,68,72,72,
166,152,49,57,105,99,96,90,97,90,87,86,96,102,91,91,91,89,93,98,99,98,94,106,133,189,159,42,70,102,90,102,96,100,95,92,92,92,89,90,98,91,88,84,97,92,96,93,64,126,181,152,67,42,81,89,86,89,90,85,87,89,82,84,95,92,88,86,90,83,81,91,88,80,126,171,193,114,42,72,82,74,76,83,81,75,86,84,76,89,90,83,82,82,89,85,76,81,75,91,110,177,106,31,63,85,78,78,78,77,80,78,77,82,82,71,72,81,76,78,87,81,75,73,54,104,151,163,91,43,59,79,68,74,72,
171,190,66,48,90,89,96,93,92,89,92,93,92,98,94,93,93,92,90,90,100,96,88,95,131,176,160,57,57,85,85,90,93,87,102,98,90,91,96,87,95,91,85,91,96,90,106,93,66,114,176,158,74,49,79,91,84,86,86,85,81,88,88,88,89,87,89,89,91,91,87,89,84,73,99,145,186,138,58,62,82,76,71,80,80,78,85,80,75,87,84,84,85,78,84,82,78,76,78,75,83,155,150,61,39,75,82,71,73,78,76,79,85,79,75,79,79,80,77,83,83,76,73,74,60,85,128,158,125,78,52,66,70,76,70,
152,192,84,55,90,93,87,91,87,95,105,99,88,91,87,96,106,97,77,85,108,101,92,76,116,160,164,84,49,79,99,91,92,84,83,90,88,85,86,85,92,85,84,97,98,81,92,97,90,94,133,145,116,66,62,77,78,84,83,78,81,86,83,79,84,86,85,86,90,92,90,92,89,78,80,128,175,156,80,44,84,78,78,77,79,79,78,79,79,79,85,85,86,81,80,84,77,78,85,71,71,133,168,101,41,54,85,74,77,75,72,83,73,74,73,81,82,79,77,82,79,75,78,78,77,73,95,135,151,115,59,56,67,70,70,
163,181,108,85,87,95,88,92,106,100,99,96,94,96,98,90,104,101,91,91,104,103,99,81,97,168,174,93,50,81,99,88,91,89,87,96,94,91,90,93,90,94,89,94,104,95,97,95,107,92,124,162,142,79,54,69,86,83,83,88,85,84,86,85,89,89,89,88,85,90,97,94,98,79,77,117,156,178,117,34,84,85,81,81,86,87,86,87,84,86,91,85,82,85,87,85,84,86,85,74,61,124,176,121,58,51,90,78,77,77,74,81,75,82,85,79,75,82,85,78,74,80,83,76,69,64,85,131,135,120,72,64,81,75,80,
144,185,129,80,91,99,101,93,107,96,96,92,98,95,102,87,95,93,101,97,95,95,100,85,82,154,173,93,48,85,98,87,92,91,95,94,97,91,95,108,92,101,98,95,98,103,95,92,106,87,125,187,154,77,48,73,97,89,84,87,86,88,88,88,91,92,90,91,92,92,89,90,92,89,85,97,126,173,148,57,81,101,86,86,90,85,87,90,83,89,94,91,85,90,92,87,89,88,85,84,59,93,162,150,78,48,82,87,78,82,81,79,82,86,85,82,84,79,85,84,75,80,86,78,85,83,77,106,130,139,88,54,78,83,77,
150,178,123,73,96,96,102,96,91,90,99,95,96,98,96,99,104,94,91,95,94,96,105,90,85,140,180,118,51,75,105,88,91,94,103,99,92,92,98,105,98,100,95,95,97,97,89,94,97,78,109,172,168,110,52,62,90,94,92,83,88,91,90,89,92,92,91,93,90,92,98,92,91,92,85,91,103,156,154,78,70,96,86,83,87,84,86,90,89,88,90,92,92,91,88,89,89,86,81,88,72,88,144,162,106,52,62,85,86,83,74,78,86,82,80,81,88,86,72,80,87,78,84,80,69,82,74,90,137,153,118,77,71,88,74,
147,181,117,76,90,103,91,93,92,93,102,105,105,95,98,96,93,102,91,93,91,107,106,85,84,131,172,124,63,64,102,93,84,91,96,97,91,94,105,93,90,102,100,98,98,93,90,90,99,83,105,159,154,119,57,58,87,87,82,86,89,87,89,91,94,88,91,98,85,81,87,89,90,86,77,83,104,150,156,96,52,73,92,90,86,86,83,85,89,87,87,87,90,87,90,90,85,80,81,86,78,84,119,149,121,64,54,73,72,82,80,71,82,81,80,82,79,78,88,93,74,77,83,80,75,78,74,77,98,131,140,101,53,73,81,
165,173,79,72,96,105,90,95,93,97,105,105,97,92,94,100,108,100,93,98,98,92,93,94,120,149,155,112,71,67,89,90,89,93,89,93,95,95,96,92,93,92,96,92,91,91,92,86,108,94,105,171,159,95,37,65,96,82,79,87,85,87,90,90,92,90,91,97,89,89,91,90,83,87,88,78,115,152,178,80,49,81,92,87,86,87,82,86,85,88,91,88,86,88,89,90,83,82,83,83,85,75,97,133,145,76,30,62,85,78,78,78,78,81,77,85,79,44,76,76,76,78,76,82,68,75,81,69,86,122,143,113,63,56,75,
155,158,90,76,97,109,94,98,98,98,97,99,100,92,98,104,88,96,103,94,97,94,93,97,116,141,161,113,49,51,86,83,90,91,85,90,91,96,92,90,97,97,85,87,92,93,93,86,106,97,111,166,155,88,43,70,93,91,94,89,89,89,87,91,88,92,92,92,95,91,89,84,91,92,88,80,108,132,158,105,68,72,87,87,84,81,79,84,87,91,87,85,85,91,86,87,82,84,83,79,86,78,88,125,177,115,33,53,80,74,78,81,77,81,79,87,81,106,88,59,89,88,74,83,80,81,81,77,75,106,137,119,79,57,70,
138,146,111,82,88,98,91,99,92,90,93,98,103,88,97,105,101,103,97,102,97,100,94,95,105,123,154,134,83,49,88,96,83,84,83,88,95,94,86,83,91,95,86,90,92,91,87,89,104,92,93,137,158,121,58,57,80,81,87,86,87,84,88,92,85,83,88,89,86,86,91,85,87,89,88,76,80,120,151,124,68,50,70,87,87,84,79,87,84,87,87,93,85,88,87,90,91,84,83,87,82,78,81,123,173,129,58,46,58,90,78,81,87,81,84,71,87,74,84,77,82,83,77,76,74,69,71,75,67,83,126,137,88,54,42,
122,146,116,71,82,102,93,91,88,91,91,90,88,91,97,91,94,96,83,99,109,94,74,86,91,128,154,140,93,48,68,87,77,81,84,86,96,94,83,84,98,98,90,85,86,91,90,86,89,91,83,125,151,151,94,41,79,88,81,90,83,91,92,81,92,96,90,81,82,95,90,83,99,95,90,85,79,105,147,139,74,55,73,92,78,77,84,88,77,82,89,82,74,80,87,87,75,71,78,77,73,79,69,99,149,153,108,49,31,74,73,61,69,67,77,37,89,40,85,59,74,71,56,62,66,66,70,68,54,60,107,147,99,53,45,
122,159,123,89,85,110,102,91,103,105,102,94,94,92,99,103,94,105,95,96,111,107,90,94,92,107,140,149,104,55,67,94,87,90,92,91,91,95,96,88,89,96,92,91,83,91,97,87,72,94,80,106,148,157,125,54,60,81,67,72,80,71,72,80,72,71,78,82,89,87,82,90,89,69,79,88,72,80,132,149,110,51,51,78,67,67,70,65,69,73,64,62,73,81,84,80,85,74,71,76,79,75,68,81,120,155,149,91,68,44,86,88,83,76,87,96,122,99,112,104,101,96,103,104,105,103,117,115,103,102,99,127,130,122,129,
115,151,134,85,75,105,108,89,99,97,106,95,94,95,88,86,91,90,84,83,96,97,82,79,83,101,142,165,135,65,51,86,95,94,77,81,81,86,83,78,73,72,71,78,69,75,73,71,67,78,69,90,138,158,129,60,38,80,80,74,72,75,73,70,79,85,74,71,73,78,82,78,78,81,77,72,79,87,121,143,123,92,95,106,115,114,115,120,122,111,109,125,126,125,122,132,142,135,138,137,132,128,147,133,128,134,140,137,146,153,149,135,139,140,145,142,132,136,142,130,141,136,122,125,123,116,114,115,112,123,100,106,132,127,101,
126,150,139,82,77,95,95,89,98,90,96,104,95,80,83,92,92,82,89,98,97,91,92,99,109,118,137,155,123,75,84,99,105,104,104,110,98,92,101,106,110,109,116,119,115,118,118,118,114,120,116,115,123,145,144,137,133,147,135,148,144,141,142,146,147,141,139,153,147,132,140,141,133,139,140,139,128,120,123,135,133,134,125,126,126,118,124,126,125,115,116,116,118,117,106,114,108,107,103,96,107,100,90,96,112,131,142,125,94,70,74,92,90,87,86,81,74,70,64,60,81,76,64,68,68,65,59,66,67,64,64,92,122,138,96,
139,150,117,128,138,139,142,145,140,152,158,151,146,153,157,150,143,151,155,143,142,150,150,140,138,138,127,144,148,149,152,155,157,158,160,153,157,156,151,144,152,156,147,144,154,152,146,141,130,150,142,138,145,157,145,127,90,108,125,116,94,100,101,104,99,99,102,96,91,104,109,82,81,90,83,74,71,84,92,153,153,97,35,44,57,72,72,63,64,67,66,65,72,80,79,69,66,76,75,77,77,76,72,76,74,123,166,141,68,32,59,75,65,64,66,65,66,73,77,72,72,78,74,66,73,77,74,68,67,73,70,78,124,139,96,
114,165,131,130,152,141,145,144,128,126,131,127,122,117,116,118,104,94,97,103,94,91,90,92,78,77,108,158,147,77,53,76,86,81,84,85,79,79,90,87,74,71,72,77,81,76,78,80,75,78,76,94,146,170,142,94,52,73,99,81,75,80,75,77,78,85,80,79,79,75,75,78,81,76,74,79,95,91,87,131,152,112,59,67,83,85,81,82,80,78,85,88,82,82,83,79,78,83,83,82,82,85,77,80,65,103,145,150,130,67,55,82,82,73,72,74,77,81,82,76,75,80,79,75,81,81,78,77,75,71,76,69,104,122,104,
88,144,142,136,125,96,80,86,94,92,96,95,94,98,101,101,97,90,92,94,93,103,100,93,98,94,98,145,172,140,71,44,99,102,90,80,91,92,88,91,96,95,88,84,88,95,89,84,79,82,83,78,92,131,151,141,95,61,84,103,90,91,93,90,85,91,93,94,88,89,89,91,95,92,95,91,94,84,75,104,150,176,133,53,50,80,83,80,79,80,78,73,80,80,83,82,75,78,79,78,81,82,81,85,79,68,85,145,172,86,32,62,80,74,73,76,73,71,72,72,75,76,78,75,74,75,72,72,73,71,79,70,64,84,101,
93,138,143,145,118,93,88,98,94,90,93,95,92,91,90,98,106,102,102,101,103,104,99,96,111,92,82,123,149,131,70,55,109,93,96,98,92,96,92,96,108,93,88,94,86,80,84,86,87,89,93,85,84,129,156,149,113,56,75,102,87,91,92,91,92,91,93,89,86,91,95,92,86,82,86,89,83,73,69,94,132,161,132,80,59,79,90,83,76,81,83,85,85,79,84,86,82,75,77,85,81,80,77,84,92,65,65,116,147,114,67,51,74,77,72,75,76,76,68,75,83,73,70,75,74,77,76,75,71,75,76,76,60,72,90,
90,144,129,120,115,97,80,83,89,95,95,91,92,97,95,94,91,105,83,91,96,89,98,90,110,101,91,118,147,141,94,59,74,85,93,97,84,87,88,82,84,96,91,81,85,93,78,75,86,85,86,82,81,98,154,161,125,58,75,92,90,92,92,92,81,83,90,89,90,88,93,85,83,90,87,84,78,85,85,85,105,132,118,96,55,72,89,78,75,81,83,81,81,80,80,79,82,80,76,77,82,85,84,87,84,75,82,97,143,132,69,53,69,81,82,75,73,79,81,75,74,73,77,73,70,72,73,75,71,72,73,75,57,69,97,
87,134,136,133,98,86,98,96,88,91,92,94,98,91,89,105,97,108,94,97,95,93,94,92,116,109,84,104,142,152,106,51,81,101,83,91,93,85,90,98,85,99,104,83,78,92,84,85,81,81,90,86,79,107,151,164,126,62,70,102,93,89,93,90,98,95,88,88,85,89,85,88,92,92,86,85,92,92,90,82,96,129,140,109,54,56,78,83,78,75,77,76,75,75,80,84,79,80,85,79,79,80,78,85,82,74,78,88,138,142,79,52,66,74,71,73,71,71,74,66,69,77,73,67,75,74,71,73,73,74,71,73,69,64,87,
100,139,141,130,92,100,98,87,93,97,96,91,94,93,91,96,100,98,102,99,91,98,93,95,115,109,82,109,147,157,110,43,72,101,80,88,103,92,88,93,91,103,101,86,75,87,94,91,87,86,85,83,82,102,136,146,132,62,54,98,93,86,83,89,91,91,91,86,84,97,80,86,86,84,87,90,85,87,93,72,71,123,156,134,75,57,80,79,76,79,84,82,76,78,78,84,83,81,79,75,86,80,77,84,78,74,76,84,117,145,106,53,57,75,81,75,75,75,74,75,73,73,75,75,74,75,71,71,72,75,74,73,76,70,66,
92,138,131,116,106,97,95,93,93,93,93,90,92,98,96,99,100,89,94,103,91,97,96,91,102,113,82,101,145,171,114,56,63,102,83,86,97,97,89,89,93,93,102,98,78,78,92,86,85,87,85,84,71,78,123,156,167,80,47,78,91,89,83,89,92,92,88,86,86,88,87,87,86,85,88,90,87,81,91,77,67,115,151,143,79,48,73,83,77,77,83,79,77,81,78,81,77,80,78,77,83,81,81,82,87,83,66,64,104,151,128,85,47,66,74,70,73,74,70,79,68,70,75,78,72,71,74,75,73,72,72,73,67,66,50,
76,125,142,138,105,78,86,90,84,93,100,87,88,92,84,89,104,97,89,99,86,85,91,98,87,100,103,103,131,170,137,77,59,86,91,83,81,83,84,91,95,103,106,97,85,84,90,86,90,84,84,90,83,74,99,143,150,99,61,66,94,94,84,88,89,88,88,88,85,87,85,91,98,85,83,80,93,78,91,85,66,105,144,142,114,63,59,82,76,81,84,77,79,79,78,78,80,80,79,79,74,74,87,81,86,85,68,69,68,156,145,114,34,43,68,73,68,71,67,74,73,71,68,70,72,70,70,70,72,73,73,72,62,72,70,
65,113,156,161,88,54,82,93,85,89,89,92,88,92,93,80,90,94,94,103,91,88,91,93,95,91,87,94,126,181,166,94,64,80,93,82,86,95,99,93,87,91,107,109,91,79,83,90,91,85,85,89,74,73,99,131,137,115,83,65,88,83,75,84,87,85,88,93,80,83,80,87,90,87,88,86,92,78,91,86,66,90,127,141,146,95,60,78,80,79,78,81,80,80,79,80,78,78,78,80,78,70,76,76,75,82,77,71,33,131,177,142,57,32,72,83,72,75,69,66,72,71,67,75,73,70,71,75,67,75,68,74,69,75,69,
61,111,161,163,88,51,82,90,83,88,90,93,91,92,104,90,83,92,102,100,94,90,91,92,94,95,90,89,101,177,182,94,61,82,98,93,98,105,91,99,106,92,97,108,98,84,83,90,92,87,85,88,77,58,68,126,146,138,99,55,81,94,84,85,91,92,85,91,88,87,86,87,85,91,93,91,86,84,86,83,68,77,106,126,162,120,62,75,84,78,74,80,82,79,78,78,82,79,78,79,86,83,80,81,80,80,81,72,57,94,143,155,97,38,64,66,73,76,71,67,76,69,66,72,66,72,70,72,67,75,70,69,71,76,70,
61,98,155,180,92,46,76,90,86,87,89,91,92,86,95,99,92,92,88,97,103,90,86,91,87,93,90,83,91,167,190,125,52,64,91,91,85,93,89,96,103,96,96,97,92,91,87,88,85,86,86,84,87,77,68,111,147,146,96,52,70,90,81,82,87,83,81,83,78,81,88,88,81,85,92,84,85,91,85,83,71,67,95,145,176,116,63,69,78,78,78,83,79,77,82,78,78,81,80,80,80,83,84,80,74,74,82,86,69,72,116,157,129,60,50,54,66,71,69,73,75,70,68,74,71,70,69,69,70,68,66,74,71,72,66,
66,100,147,166,108,56,62,91,85,86,90,86,91,94,90,93,93,92,91,95,87,95,91,83,88,93,90,83,104,150,162,123,68,60,90,88,84,94,94,85,88,91,97,88,91,97,92,89,81,95,92,84,88,90,77,93,141,151,110,53,59,93,91,86,84,84,92,90,76,84,93,83,84,84,86,85,84,86,84,85,66,67,85,147,159,127,76,70,87,84,76,82,83,79,83,82,79,82,79,77,83,84,77,78,75,79,82,83,76,75,115,161,143,98,37,48,69,72,74,78,62,68,76,67,68,69,65,66,66,68,68,67,70,66,67,
50,107,174,163,96,65,75,98,84,89,91,88,90,96,94,87,92,91,93,98,91,97,92,85,89,92,87,84,121,152,146,105,77,62,84,80,99,90,86,96,95,86,95,88,89,91,91,91,88,87,82,82,86,91,74,88,138,159,115,40,47,84,86,81,86,86,84,85,97,87,91,82,84,87,86,86,85,85,84,82,65,71,77,133,167,128,72,61,78,78,73,75,78,74,82,79,75,78,80,80,74,77,78,79,75,76,79,83,89,84,106,145,150,103,29,33,66,78,68,70,69,71,74,68,67,71,71,67,68,75,68,66,72,69,66,
61,96,154,156,78,48,72,111,93,92,89,87,85,87,93,94,98,92,93,91,92,101,93,89,91,91,87,83,105,161,176,125,72,49,97,86,89,92,86,83,89,87,88,90,90,85,88,90,88,90,94,83,89,91,78,83,126,157,126,52,49,73,92,80,91,87,85,80,88,86,88,93,88,83,84,86,88,83,85,84,72,75,79,112,175,153,87,55,69,83,80,76,83,76,79,74,75,75,78,82,75,76,80,79,75,75,74,78,83,75,94,133,153,111,41,52,68,69,65,72,72,65,64,71,67,64,72,74,70,69,65,68,70,71,63,
73,106,144,153,90,49,67,109,98,87,87,91,90,90,89,87,91,96,93,91,91,98,89,84,89,93,91,80,100,141,168,136,81,49,84,89,83,92,90,85,85,88,89,90,93,88,82,87,87,85,90,86,80,83,84,73,114,187,144,59,51,59,88,86,81,82,86,84,77,81,80,81,85,84,79,83,86,80,84,84,67,69,88,96,172,163,93,47,46,73,82,73,73,73,76,74,70,71,74,74,79,74,69,75,75,79,76,74,94,77,79,117,156,137,77,34,47,83,78,74,69,70,73,70,68,75,74,68,70,72,71,76,74,76,67,
75,102,126,151,109,59,59,91,91,83,82,87,90,82,80,90,84,86,85,84,82,87,81,89,83,82,83,78,96,122,161,151,91,50,76,87,69,79,92,80,85,82,87,87,83,80,83,83,85,81,82,89,79,81,91,78,98,171,147,83,60,62,82,79,76,83,88,84,77,87,84,82,86,88,85,87,88,88,86,89,92,83,84,97,139,156,136,62,38,76,87,79,72,67,78,84,69,67,76,81,79,71,72,79,72,70,81,68,76,67,66,90,142,147,119,70,54,65,62,61,63,62,59,67,67,65,65,68,68,66,60,68,67,61,49,
83,88,105,151,123,71,64,103,93,93,94,95,84,88,95,87,91,90,88,93,93,97,90,87,87,89,96,84,66,115,170,148,104,61,81,94,94,99,84,80,108,104,99,89,98,93,88,88,90,92,92,88,92,95,89,83,107,169,170,113,71,52,68,72,76,83,86,78,72,80,79,80,74,79,81,77,76,80,76,75,81,84,77,70,96,148,164,74,36,64,74,68,66,70,66,58,63,66,62,59,53,72,66,65,64,53,62,63,55,55,53,64,121,163,147,89,37,35,54,60,43,57,51,57,58,59,62,54,44,61,62,60,59,70,65,
78,79,115,159,126,76,57,93,90,86,83,93,89,91,97,89,91,94,91,87,86,90,89,92,97,83,83,87,79,103,147,149,130,65,65,96,90,67,80,92,80,77,86,91,85,81,89,92,84,74,86,87,71,76,90,75,82,155,174,123,81,27,46,78,67,64,68,68,75,76,70,77,75,70,71,73,74,72,70,74,73,69,69,72,87,112,166,104,45,35,63,78,64,59,67,70,80,73,74,81,95,88,71,87,96,86,95,106,101,103,104,97,125,151,128,109,124,126,126,127,124,122,119,121,124,122,122,122,134,129,123,138,134,137,116,
82,85,108,162,137,73,30,59,76,71,76,77,73,73,76,76,75,82,87,80,79,88,88,74,81,81,81,76,62,96,152,158,128,91,67,77,74,58,87,80,74,83,72,70,78,86,83,75,92,92,84,86,92,89,89,82,80,123,154,150,126,83,85,113,107,105,111,113,122,125,122,127,132,134,134,133,143,144,140,141,134,137,149,143,153,152,143,121,115,121,131,125,122,138,135,129,132,126,124,121,123,135,136,127,129,126,127,127,120,124,129,121,125,142,140,112,105,96,117,109,108,98,104,108,108,106,108,106,103,96,101,109,84,96,101,
98,125,125,152,132,104,97,114,124,130,140,135,135,138,143,142,139,138,136,145,147,145,150,152,148,147,151,152,145,144,143,133,130,126,129,145,145,139,140,144,147,135,136,148,146,138,144,150,135,136,143,147,141,132,138,145,130,143,146,134,134,124,128,129,123,121,120,125,119,123,132,131,122,130,126,114,121,122,119,115,108,106,115,109,130,137,134,116,77,63,85,89,80,83,82,89,85,77,80,84,71,67,73,80,75,71,69,77,70,73,75,76,77,105,155,142,89,36,57,67,61,72,67,56,55,63,69,65,65,64,63,65,67,61,69,
123,149,136,151,139,130,130,132,144,144,134,132,137,138,139,135,137,133,132,132,132,131,128,127,128,130,128,127,130,134,140,157,137,91,67,74,88,93,88,83,77,80,81,74,70,84,81,70,67,79,78,69,70,82,82,71,87,128,163,158,111,57,65,82,74,80,81,79,75,80,78,78,73,72,76,74,64,66,77,76,77,78,73,67,80,116,152,123,68,48,65,72,70,81,78,78,72,83,83,77,80,84,82,77,76,85,85,79,82,86,81,73,66,88,132,157,117,40,55,73,67,72,74,73,76,68,68,72,72,68,71,71,68,67,69,
81,79,102,152,142,86,43,60,75,71,75,81,73,74,83,82,79,82,89,89,82,85,86,84,82,80,80,84,79,94,133,168,139,96,49,69,75,70,71,74,75,76,74,81,87,79,77,83,84,75,76,84,84,77,77,85,84,89,146,167,130,65,51,87,82,86,91,86,89,90,91,93,88,84,84,90,89,85,88,89,89,90,94,85,90,106,140,132,104,57,57,84,87,84,81,86,81,83,85,80,80,83,84,87,81,78,85,83,84,83,84,79,76,82,112,146,128,53,49,75,76,71,68,75,68,66,67,72,75,68,69,74,64,75,67,
85,80,84,141,149,118,65,59,90,98,89,93,92,93,97,91,87,93,92,91,91,97,99,100,91,89,90,97,99,89,109,147,175,130,53,62,93,93,89,81,78,85,85,80,89,96,88,81,90,92,88,85,83,84,86,79,69,69,109,169,174,114,54,65,86,87,79,83,90,88,86,84,92,94,90,87,92,88,75,78,82,81,89,83,100,74,87,152,135,69,58,78,91,77,76,84,80,86,91,83,82,89,79,76,78,79,79,78,76,78,83,77,93,71,65,116,164,100,47,60,76,79,69,70,70,71,69,71,74,71,70,70,68,78,70,
81,88,84,132,160,135,72,63,88,93,82,89,89,87,97,94,95,91,88,94,92,92,98,99,89,93,93,99,82,64,99,143,162,124,42,54,87,77,73,79,83,76,76,81,85,90,73,73,86,83,82,78,70,75,84,82,77,66,92,153,165,119,59,60,94,86,81,86,78,82,90,84,84,83,77,87,83,85,83,83,83,81,83,82,80,69,98,156,152,104,54,62,92,79,74,83,79,80,81,79,84,86,86,81,87,84,76,82,83,83,85,82,73,74,70,94,142,125,74,45,66,74,67,71,74,71,70,69,69,69,73,67,71,66,72,
83,86,81,128,151,109,64,62,86,91,87,90,85,91,97,88,86,90,91,89,96,99,93,97,102,92,87,90,77,73,88,131,149,146,65,47,79,80,74,79,74,74,76,81,83,84,74,79,91,83,81,85,81,79,78,85,82,65,85,138,178,149,79,71,91,88,83,84,83,84,87,87,84,87,80,87,86,84,86,84,84,89,91,84,74,71,90,143,162,123,69,73,85,83,77,83,80,76,79,78,79,79,81,80,79,78,83,81,78,76,77,82,80,75,65,88,124,156,123,52,60,71,79,69,78,71,68,71,75,68,66,68,73,70,70,
87,94,82,128,149,114,91,68,87,92,89,96,89,93,100,91,89,99,106,96,96,98,94,98,90,96,98,93,82,82,83,119,144,161,86,46,79,76,77,83,74,76,83,82,79,81,81,81,83,83,85,84,86,83,78,85,76,75,74,111,172,173,101,73,87,88,85,85,85,83,83,90,85,87,95,93,86,86,84,84,83,91,91,82,83,77,83,128,161,144,95,68,76,87,84,83,85,82,80,83,79,79,87,86,79,78,83,82,83,83,85,82,89,80,73,74,103,176,145,57,54,69,85,71,73,70,71,72,75,67,64,73,69,75,67,
80,89,66,111,170,155,91,62,82,96,94,99,88,91,102,96,95,92,96,95,92,86,96,97,92,90,92,97,77,66,78,119,156,166,83,37,77,79,74,82,77,79,84,77,82,83,80,83,78,78,86,86,86,84,81,82,83,84,73,105,149,160,114,72,79,92,88,84,86,83,83,86,80,82,86,86,83,85,83,84,84,81,81,84,89,82,81,105,147,155,109,59,63,83,77,73,83,85,83,82,81,83,84,77,79,83,83,77,83,76,81,81,79,79,83,69,78,159,152,79,55,60,73,75,71,76,79,72,71,70,69,71,70,75,68,
78,100,76,102,171,160,108,78,79,89,91,95,86,93,92,91,86,91,92,85,91,92,92,88,97,92,88,91,94,83,77,112,159,183,98,36,62,75,77,82,75,81,83,80,79,75,78,87,77,78,80,83,82,82,82,84,90,76,65,91,130,157,129,77,68,86,83,76,82,87,77,83,87,86,82,78,78,74,78,84,83,76,84,84,82,83,78,85,124,151,122,71,51,77,85,77,85,86,78,75,84,81,86,82,72,79,87,80,81,75,71,76,74,87,83,63,71,124,138,112,62,46,77,78,75,70,69,76,76,62,67,70,63,69,71,
85,95,79,101,173,166,111,76,71,98,93,90,92,98,92,89,88,92,94,93,88,91,93,93,92,89,88,92,99,91,84,105,107,160,113,31,65,88,84,84,76,80,85,83,75,83,87,85,82,84,83,83,82,83,84,82,88,86,73,81,105,156,152,91,66,89,91,84,78,86,81,87,83,84,88,84,80,76,81,83,79,85,86,83,90,86,83,82,107,148,137,103,56,72,85,78,86,82,77,80,83,85,80,86,82,77,79,80,78,79,81,83,80,76,85,80,78,121,141,124,83,52,63,72,72,71,71,71,80,71,70,76,70,76,69,
80,82,80,100,154,175,120,71,68,89,86,86,81,83,90,87,88,91,96,89,87,91,88,86,86,87,88,84,95,98,78,89,103,187,133,33,57,78,71,74,76,78,80,77,81,77,72,76,79,78,78,86,83,79,77,81,82,87,77,69,87,153,149,105,57,81,87,81,81,79,75,78,80,75,83,87,76,78,83,80,79,81,80,79,87,81,74,79,84,137,153,111,50,57,83,78,70,73,79,79,74,78,79,79,74,75,79,80,70,65,75,80,77,69,82,76,64,102,135,120,89,51,47,65,65,73,71,65,65,65,68,67,59,72,67,
92,105,79,98,174,190,122,73,78,94,90,94,92,88,93,97,96,94,92,98,92,92,95,99,95,91,101,95,92,89,85,89,125,176,131,49,51,86,88,82,79,82,88,88,85,82,86,90,81,87,90,94,83,85,88,89,81,86,88,76,85,148,170,123,62,81,99,80,83,98,97,86,96,98,92,92,83,87,94,82,90,88,89,84,86,92,83,80,85,134,169,130,62,52,84,84,75,85,83,81,86,83,82,81,86,87,81,80,84,81,81,77,82,83,77,80,70,85,126,156,128,66,50,64,74,76,77,78,73,69,74,76,73,72,75,
70,91,67,74,125,154,125,64,47,75,83,75,76,80,87,77,66,89,87,79,71,77,82,81,78,76,79,75,71,83,77,64,96,159,138,48,26,61,75,66,71,78,70,70,71,77,76,69,58,75,73,72,80,80,73,67,74,80,67,63,69,95,134,119,50,46,70,74,79,69,80,76,72,84,66,76,89,69,75,79,75,70,73,76,73,70,71,71,73,94,128,137,88,45,57,79,77,66,65,79,76,60,75,83,75,70,73,73,65,71,75,68,66,68,69,70,68,57,80,128,116,78,50,50,59,59,64,59,57,63,62,58,64,67,65,
