101,132,116,121,138,132,116,119,137,125,109,119,138,122,117,122,140,129,118,128,141,121,114,134,142,128,126,146,143,122,125,149,148,125,128,151,139,122,130,149,137,127,124,146,131,120,128,139,121,118,130,136,125,125,137,135,121,122,139,140,126,126,145,135,119,121,140,126,116,126,146,127,115,129,152,127,116,122,123,104,109,129,133,112,103,114,118,108,109,126,126,115,115,123,121,109,106,129,117,110,110,132,116,106,118,127,112,110,124,126,109,105,122,121,107,107,120,118,102,104,123,113,98,104,117,105,104,113,117,99,98,101,117,103,20,
127,147,143,145,146,142,143,144,145,139,138,141,134,137,144,145,150,156,151,145,145,147,149,149,148,154,157,151,157,160,154,158,164,150,154,159,157,154,157,160,160,157,147,146,151,152,148,145,147,148,146,144,149,153,150,149,152,155,149,150,154,157,152,153,150,153,153,150,148,148,149,150,146,144,150,155,148,139,133,132,138,144,142,140,132,126,135,135,132,134,135,139,140,137,135,137,137,143,139,136,133,140,138,134,135,137,137,136,136,136,135,133,136,135,132,132,135,135,127,127,129,125,126,127,118,127,127,127,125,118,118,117,116,118,56,
125,148,145,143,145,147,147,146,143,141,143,142,143,145,144,143,151,161,152,144,150,148,144,149,143,152,158,153,149,157,157,158,150,144,152,159,159,156,158,160,160,156,151,152,155,155,151,149,148,147,152,146,146,154,148,152,156,156,150,154,155,155,152,154,155,155,152,148,147,148,151,151,145,142,152,157,148,139,138,133,139,143,140,142,139,133,137,134,133,137,138,138,138,135,133,136,138,140,135,132,133,132,131,130,130,135,137,134,126,134,137,129,129,132,130,131,130,134,130,127,127,126,128,127,121,123,126,124,121,121,122,121,119,122,90,
109,141,145,146,142,141,146,147,142,138,145,140,134,141,146,143,151,162,148,145,159,146,140,149,152,152,156,152,139,145,153,155,151,149,155,160,157,154,154,156,155,152,151,147,152,149,148,148,151,145,151,149,143,150,150,150,149,148,148,153,152,150,149,151,155,151,143,141,144,148,144,144,143,138,142,148,146,145,145,134,140,137,132,138,141,138,131,132,136,133,133,139,136,129,133,144,139,129,125,134,137,129,126,136,132,130,133,136,125,126,134,133,129,126,131,136,139,141,137,133,132,133,134,133,131,130,133,133,128,131,133,131,129,130,123,
112,147,148,147,139,140,143,146,150,143,145,138,136,140,148,148,151,164,150,144,151,151,147,151,156,154,153,155,152,145,147,155,162,155,151,159,152,149,146,145,137,145,149,146,138,140,144,148,149,147,143,132,137,147,146,140,142,143,141,138,143,146,140,141,153,148,136,130,143,151,144,140,140,142,139,140,151,157,159,153,150,152,156,154,149,147,148,149,149,146,145,145,140,122,143,157,146,144,149,145,144,146,146,148,147,147,140,140,142,149,146,142,141,145,143,142,145,144,140,140,144,144,135,136,138,136,137,131,144,140,138,136,134,132,114,
133,152,147,147,141,141,145,148,146,141,144,142,138,143,150,156,167,170,161,152,153,153,152,154,153,154,151,153,147,143,143,149,153,151,148,153,159,155,150,149,149,152,154,149,143,145,151,151,151,151,148,149,156,155,149,146,153,150,149,157,151,151,144,151,153,150,149,154,150,151,149,143,143,147,148,150,154,158,160,156,155,159,161,156,150,152,160,153,150,147,149,143,146,140,155,149,147,146,144,145,145,153,152,143,143,144,143,140,143,145,141,138,137,135,139,137,137,141,138,137,140,126,121,129,132,134,128,119,122,128,134,131,126,125,101,
129,160,158,154,157,160,158,159,158,158,155,152,151,151,156,166,175,182,174,157,150,157,161,158,163,171,156,155,167,156,148,156,170,167,161,163,165,165,165,167,170,168,167,162,157,155,159,162,159,153,149,154,163,156,150,146,148,148,150,153,147,144,142,146,147,150,148,144,141,144,142,138,140,145,145,147,145,149,144,143,151,153,143,144,139,141,138,140,142,139,132,138,142,139,137,141,143,142,138,137,137,137,126,127,138,139,135,132,135,128,125,133,134,131,136,132,134,131,130,132,135,131,120,121,128,129,119,112,118,127,129,127,126,126,106,
118,164,163,160,165,169,163,163,164,163,159,155,158,159,160,164,163,161,164,155,151,160,160,154,156,163,156,155,163,157,150,153,163,164,161,157,154,155,157,157,157,164,165,147,134,154,154,143,154,149,145,139,133,144,144,137,134,141,145,139,136,137,137,136,141,151,151,134,131,140,141,137,143,149,142,150,144,150,148,145,152,148,137,137,140,143,145,144,144,142,142,145,146,143,144,146,144,148,148,139,137,137,105,122,142,143,140,132,137,133,133,136,138,140,139,136,136,133,128,129,134,134,125,120,126,129,121,109,119,129,126,126,129,127,122,
117,153,150,153,155,149,146,156,160,161,157,150,152,149,150,154,152,150,151,149,148,146,146,145,143,144,146,146,143,142,145,143,139,146,150,148,154,140,137,145,151,148,152,146,152,160,155,149,151,150,148,149,152,148,142,140,142,145,145,143,144,145,142,144,146,149,150,141,142,142,148,160,158,153,148,151,151,153,155,152,151,148,144,147,148,148,148,149,149,147,149,150,152,148,137,149,148,150,150,146,140,136,107,128,144,145,144,139,137,136,136,137,138,140,139,137,134,129,129,130,131,129,126,121,129,130,120,106,126,127,124,125,123,122,106,
134,146,143,147,150,144,140,148,153,151,149,149,146,142,147,152,154,153,149,149,152,152,147,147,149,148,147,149,147,151,149,143,145,157,150,147,158,146,142,149,152,147,143,146,162,168,157,150,151,153,152,152,152,148,146,148,150,150,145,138,144,150,145,148,148,145,151,154,146,144,151,156,153,152,151,154,154,152,151,152,151,148,147,151,152,150,146,148,149,147,152,147,153,150,146,149,151,150,149,150,144,134,125,134,146,145,140,139,137,136,136,136,137,135,133,134,140,136,131,132,131,128,131,127,128,131,127,114,123,127,128,126,124,126,99,
118,143,145,148,149,148,148,150,151,150,151,152,150,151,154,156,156,156,148,149,157,156,148,146,153,159,150,152,153,153,150,147,148,151,151,149,146,144,151,155,150,142,139,142,154,157,152,153,161,153,150,152,159,147,148,154,158,148,141,147,148,147,147,150,147,147,156,158,149,145,147,147,148,151,151,149,149,150,151,154,147,149,146,149,151,150,145,143,145,147,153,151,146,144,145,146,147,148,149,149,143,128,119,137,150,146,140,139,138,136,141,141,136,134,134,134,140,136,133,135,134,135,140,134,125,124,123,117,125,133,129,125,129,131,113,
107,145,147,150,148,145,145,151,151,147,147,152,150,152,160,160,157,147,148,151,157,163,149,144,147,145,148,151,152,152,149,149,152,154,153,152,144,138,151,155,141,134,139,138,155,151,151,154,157,147,147,150,152,152,149,149,147,146,145,146,145,146,148,146,142,148,156,158,148,146,145,145,146,147,148,143,143,149,151,142,140,149,149,146,148,149,145,142,143,143,142,138,138,140,143,145,145,144,147,149,144,127,116,142,150,144,137,138,137,137,140,141,136,137,138,137,139,143,141,136,135,139,140,130,124,125,117,115,135,144,132,124,130,132,135,
118,150,148,150,150,150,156,154,153,156,160,154,153,154,159,160,157,156,160,157,155,155,150,148,151,150,149,152,152,147,146,149,152,156,152,153,156,143,151,152,150,145,143,141,155,159,156,155,157,156,152,152,159,159,152,148,144,145,149,150,148,145,147,148,151,147,151,152,145,149,147,146,143,144,146,147,147,147,148,148,148,150,152,151,147,148,147,147,145,142,139,144,140,141,143,148,146,142,146,149,144,130,117,136,143,142,139,137,135,135,138,140,137,138,139,137,140,143,139,134,133,131,126,128,128,133,117,115,135,146,138,130,131,134,111,
140,153,156,152,154,151,150,154,157,152,148,153,155,153,154,156,156,156,158,156,153,153,153,152,154,159,159,158,160,153,153,149,145,146,153,153,153,148,151,150,146,145,145,145,151,155,154,153,155,156,156,154,154,158,157,153,147,151,150,151,161,146,143,147,146,146,148,147,146,148,149,148,145,145,147,146,146,145,147,149,148,148,150,147,140,148,147,151,148,146,140,139,141,142,146,152,147,142,145,147,142,130,122,131,139,139,139,140,140,137,141,143,136,140,139,133,136,140,138,135,133,135,135,134,134,133,122,121,134,141,136,130,129,128,96,
119,152,156,156,153,152,155,153,156,157,151,151,153,155,155,153,155,154,160,157,154,153,153,151,152,153,154,158,159,148,148,147,143,148,154,156,155,154,153,150,144,145,147,144,151,154,147,147,149,151,160,156,152,157,157,154,152,153,153,154,152,146,143,146,151,149,147,147,145,143,145,144,143,146,146,150,147,140,147,150,144,147,146,144,147,152,147,143,144,144,141,142,142,142,144,146,145,142,143,148,146,129,116,127,143,139,139,143,147,139,129,134,134,141,142,134,132,133,130,134,135,134,133,133,133,128,117,123,139,145,133,125,125,126,114,
105,150,157,157,149,148,149,144,148,155,156,150,151,157,158,151,155,153,160,156,154,155,155,154,154,154,155,156,152,142,140,142,138,138,150,158,156,152,156,154,146,147,149,142,155,154,145,144,147,156,160,158,154,152,150,148,147,151,154,152,148,146,145,145,144,143,147,147,145,144,147,142,144,146,146,151,155,138,145,149,142,147,148,145,149,150,146,143,145,143,138,139,144,142,140,141,143,143,143,152,149,132,111,143,156,144,141,144,142,142,139,137,136,140,144,141,136,135,135,134,135,134,132,133,131,126,119,125,140,142,127,128,127,129,130,
113,150,157,160,148,143,155,162,151,146,157,157,155,157,157,152,154,154,154,153,152,151,155,158,156,154,156,155,149,149,150,149,141,138,150,159,157,144,150,158,150,146,147,149,160,162,152,148,152,153,155,157,155,151,149,147,148,150,149,147,149,150,146,147,150,146,149,149,146,146,150,148,151,152,152,154,151,144,145,150,150,148,147,147,150,148,147,146,148,147,142,142,144,142,144,139,141,146,147,147,150,139,128,141,153,149,144,139,139,141,139,138,140,143,143,142,138,138,137,138,136,136,133,136,132,126,118,124,135,138,132,130,129,130,109,
130,150,157,148,148,148,153,159,158,150,150,156,158,158,151,149,153,156,156,155,153,150,147,152,154,154,156,155,145,153,157,157,151,148,153,155,155,151,151,156,154,149,148,153,163,164,155,152,155,156,155,156,152,153,154,151,152,153,148,147,151,152,146,150,153,150,147,149,152,151,151,149,150,153,154,155,155,150,146,151,149,147,147,144,149,146,147,143,147,146,144,145,140,140,142,142,144,146,148,146,147,143,139,144,148,147,142,143,142,141,138,136,138,142,139,137,136,136,138,141,136,136,130,127,133,133,128,128,131,132,130,129,129,129,99,
117,150,152,153,151,150,150,153,156,153,150,153,158,162,161,157,151,155,156,158,155,154,150,149,152,156,157,155,147,154,160,157,156,156,154,153,153,154,157,159,152,148,147,153,163,166,158,152,155,149,147,152,151,152,149,147,149,149,142,142,144,144,142,145,147,143,142,144,145,146,147,145,143,146,146,146,153,155,145,149,157,149,144,142,148,145,143,140,143,142,142,141,138,138,140,142,142,142,145,148,151,148,141,138,141,144,135,120,134,142,135,125,131,138,132,130,137,135,127,128,135,136,132,131,139,145,144,136,133,135,134,132,132,131,113,
110,150,151,151,151,149,149,155,156,155,155,153,155,162,165,159,150,151,148,151,151,149,148,149,151,154,159,154,152,153,153,151,151,155,157,154,152,152,165,163,145,137,140,153,158,150,152,151,149,151,150,150,150,148,146,145,142,134,136,139,139,136,139,141,140,139,140,143,142,143,145,143,140,140,140,137,141,151,148,148,141,139,142,142,138,144,145,143,144,144,145,140,135,142,144,139,133,139,149,155,156,152,148,145,142,145,143,141,136,140,140,138,137,140,141,149,148,142,142,143,140,141,144,146,145,144,141,141,137,138,136,144,137,136,127,
121,151,159,154,150,156,148,146,157,157,157,154,155,157,155,152,154,152,144,147,151,148,143,148,155,150,143,149,154,154,147,145,141,146,156,148,149,148,142,154,151,160,167,156,153,154,157,153,150,154,157,152,150,154,156,152,151,152,149,148,147,153,150,148,142,152,149,150,153,155,148,149,150,150,146,141,143,146,147,151,154,149,143,145,151,150,145,143,143,145,145,146,149,146,146,142,140,141,148,148,144,145,144,141,142,145,145,141,138,141,143,141,142,143,141,137,139,144,141,136,137,142,143,137,142,139,136,135,135,136,131,131,136,135,107,
143,154,161,161,160,162,160,166,159,157,157,158,158,157,156,160,163,165,165,160,154,153,156,158,160,153,155,155,150,155,156,147,137,140,148,145,145,149,151,150,154,163,166,156,148,148,151,150,148,151,150,150,148,151,155,153,150,145,144,149,146,147,150,151,148,149,148,150,151,145,145,149,147,146,149,144,126,118,135,147,139,132,137,137,133,135,143,141,127,137,140,140,137,138,141,142,141,142,144,141,139,141,141,143,144,144,144,145,143,143,144,144,144,143,142,144,137,143,139,131,136,138,143,143,139,136,137,137,135,136,138,138,136,134,105,
124,158,160,161,158,159,156,152,154,157,160,161,158,156,157,154,156,171,164,145,150,153,150,146,153,148,147,146,148,152,146,140,140,144,145,145,147,148,145,148,153,153,147,149,144,145,147,146,148,151,147,155,149,148,148,152,151,147,145,148,150,154,154,152,151,154,151,149,152,155,153,151,152,150,152,152,126,100,123,149,144,133,139,139,144,143,146,143,138,141,141,140,138,139,142,143,144,145,145,145,147,146,142,144,143,144,143,146,141,145,145,142,142,141,141,139,136,140,143,143,135,135,139,137,135,136,137,139,139,135,136,138,135,136,127,
106,151,154,151,152,154,158,156,150,150,156,154,154,151,156,139,147,166,156,152,157,157,157,158,156,151,151,154,156,157,154,150,150,153,159,156,154,155,154,157,156,157,154,153,146,152,160,157,157,153,155,157,155,153,157,157,154,154,155,153,151,153,154,151,148,152,153,149,153,163,157,152,156,153,155,154,127,104,118,147,155,149,145,145,149,151,146,139,139,143,141,140,146,147,144,145,141,143,144,140,133,146,142,141,141,141,144,146,140,147,147,143,142,143,140,136,136,139,142,141,137,137,140,141,136,136,138,142,141,134,131,135,132,135,120,
125,156,157,158,157,152,157,179,168,148,149,156,157,155,156,153,154,157,150,151,161,161,160,160,158,159,159,160,160,162,161,168,159,153,156,161,156,155,158,161,158,157,157,158,155,155,155,158,159,155,154,156,157,157,160,158,156,156,164,159,150,151,152,151,151,158,152,150,153,153,150,149,151,152,157,149,129,117,128,147,152,147,147,147,147,148,140,136,145,148,138,139,147,144,143,145,142,144,143,140,146,147,144,143,142,141,143,147,150,148,148,147,144,144,141,139,143,141,144,140,142,141,142,143,137,139,141,142,137,135,134,137,135,133,103,
158,167,163,167,167,155,154,158,155,153,154,153,155,160,160,155,152,154,149,153,160,160,159,160,156,161,162,160,161,164,165,157,154,154,156,158,155,154,157,159,158,157,157,158,159,156,153,154,156,153,155,158,156,154,158,156,159,147,153,159,154,151,153,156,154,150,148,150,149,149,152,150,153,164,161,145,132,126,136,150,151,146,148,149,145,152,143,138,141,142,139,142,148,146,144,145,148,149,147,141,135,140,147,145,143,143,144,144,142,142,147,148,149,142,142,138,150,142,145,144,145,142,143,142,141,140,141,141,139,137,136,134,132,132,106,
125,162,160,158,156,156,159,161,156,155,160,160,154,155,158,155,160,155,146,158,166,159,159,160,157,158,163,162,163,163,163,157,154,156,159,157,155,156,156,155,156,156,156,159,158,154,152,154,155,153,158,158,155,151,156,158,158,155,157,155,154,153,155,158,156,149,144,147,149,147,148,148,151,161,152,140,141,141,136,148,151,142,149,150,145,142,142,141,138,132,135,140,143,144,143,142,147,148,146,144,140,143,146,142,131,138,148,143,135,140,144,143,139,139,142,144,147,143,143,142,139,139,141,141,139,139,138,136,138,138,140,138,135,134,129,
118,158,159,157,151,156,158,158,155,157,158,164,142,150,153,151,146,149,147,158,165,161,161,164,160,158,163,165,162,161,160,159,155,157,157,152,157,159,157,155,158,155,150,164,159,155,154,157,156,157,159,157,153,152,155,157,157,154,151,151,151,154,157,153,156,151,144,147,151,151,146,145,147,149,149,142,142,141,131,141,153,150,147,148,146,144,140,140,143,140,134,136,142,145,140,140,143,135,141,146,148,145,139,140,137,140,146,141,129,136,143,140,141,142,142,144,145,141,139,139,136,135,139,137,135,141,135,126,129,134,137,135,138,136,122,
130,158,161,160,157,156,154,154,160,161,153,154,163,157,152,147,150,151,149,155,164,165,161,158,157,160,163,160,161,164,161,159,149,157,158,153,161,159,155,157,159,156,156,158,158,158,157,155,157,159,156,153,153,154,156,156,156,155,153,147,145,150,141,146,153,149,148,150,150,150,151,148,149,153,153,148,145,138,132,142,152,152,153,149,144,143,140,141,146,139,136,138,140,136,138,144,146,144,143,145,147,144,139,141,143,145,145,142,140,145,145,140,138,140,143,144,140,133,135,144,138,132,139,138,129,139,137,139,141,135,133,134,137,137,109,
129,155,158,159,165,162,155,156,159,158,155,152,147,152,155,149,145,153,151,156,162,165,159,159,157,163,161,157,160,163,159,159,155,159,161,162,161,158,154,156,160,158,157,157,157,160,160,159,160,159,158,154,157,157,153,157,155,158,159,152,146,152,157,152,151,150,152,153,152,151,150,150,152,155,153,147,144,138,131,144,151,144,148,150,145,145,139,144,148,145,141,141,143,143,141,146,150,147,143,144,145,145,144,143,144,148,146,141,139,142,143,140,139,143,146,146,136,135,136,142,149,143,142,143,141,137,137,142,143,139,135,135,137,136,111,
113,154,157,158,161,160,155,156,159,158,156,158,166,157,156,151,143,153,148,161,167,164,157,154,156,161,158,158,158,158,156,156,158,160,161,158,155,158,158,158,160,159,155,154,155,160,162,160,155,156,158,154,158,159,153,154,155,157,155,154,152,153,151,149,149,151,152,153,153,150,149,153,152,152,153,146,141,139,135,147,149,144,144,147,144,142,142,143,142,139,139,142,145,146,143,145,152,150,142,142,143,143,147,145,138,148,143,139,144,143,141,142,141,145,145,144,141,139,138,140,140,139,141,142,140,137,137,138,140,139,137,135,137,136,128,
113,159,161,158,161,164,161,157,154,148,152,158,156,151,155,154,142,148,149,158,163,160,157,158,158,156,154,151,149,155,157,154,152,156,157,151,154,160,161,159,158,158,158,152,149,156,161,157,149,155,153,149,153,157,155,155,155,153,158,158,151,154,154,151,145,148,153,152,155,154,148,151,152,151,147,145,141,140,146,147,147,146,146,144,141,141,142,141,140,143,146,141,147,147,138,143,147,136,138,139,140,139,144,144,135,131,135,133,133,134,138,140,139,135,135,137,137,132,133,137,140,140,138,139,131,135,134,136,127,132,134,133,137,134,117,
132,153,157,154,164,166,163,160,159,154,154,159,159,154,154,156,155,150,149,157,163,158,157,159,157,158,155,156,151,155,156,155,153,155,155,152,154,157,155,150,151,153,155,153,151,152,154,157,157,156,151,146,148,153,152,147,153,148,156,158,146,157,157,146,143,140,144,159,160,159,156,152,151,152,150,148,145,139,138,144,145,145,146,142,140,142,142,141,138,135,128,133,139,145,140,140,143,139,137,139,139,141,140,140,143,142,134,132,132,136,138,139,134,130,134,134,136,128,129,141,136,133,137,140,136,134,133,138,135,135,135,134,130,134,106,
126,152,151,151,156,155,156,157,158,157,156,157,158,154,154,156,156,151,144,157,162,152,155,158,165,160,155,154,152,153,154,159,164,156,153,159,162,156,151,151,150,149,150,151,150,147,147,148,147,152,150,148,149,152,151,148,152,151,150,143,146,152,147,140,144,142,142,149,155,155,156,153,149,151,153,154,153,151,139,140,146,141,135,139,141,139,128,136,134,132,132,137,138,138,136,139,143,144,144,144,142,141,144,146,147,145,145,144,148,144,144,145,142,149,145,138,144,142,138,147,146,144,143,146,150,147,141,140,141,142,142,141,142,140,115,
113,150,148,148,150,152,152,152,153,153,152,152,150,149,153,156,147,149,144,161,164,152,153,155,156,157,154,149,141,146,152,152,146,146,147,150,155,154,150,152,155,152,148,153,159,146,144,146,143,152,153,151,148,153,155,155,155,156,154,148,148,152,152,152,152,150,149,150,151,151,155,153,150,150,148,152,160,162,149,150,154,153,152,148,145,148,150,142,138,141,147,150,149,151,152,148,150,158,163,157,151,154,161,155,152,154,153,151,157,156,150,146,141,139,136,133,140,153,150,147,150,149,145,144,148,152,146,137,133,136,140,141,141,135,129,
114,150,149,151,152,148,151,154,153,148,147,147,149,148,153,158,158,160,156,162,162,157,157,157,158,161,161,156,152,155,159,158,153,156,155,151,149,152,156,162,162,160,155,147,148,161,161,156,158,159,156,157,158,158,159,159,157,156,159,156,153,156,157,159,156,156,158,169,151,150,153,150,153,153,151,153,155,154,148,150,155,157,155,146,139,144,150,145,143,144,146,151,150,148,144,147,148,148,160,160,152,145,149,145,145,142,142,141,142,138,137,138,137,135,131,127,131,138,139,141,140,134,138,136,126,131,143,135,127,123,133,137,137,134,110,
144,159,157,160,165,162,160,163,167,165,155,153,159,160,155,158,165,168,163,163,168,168,160,158,167,169,166,166,169,167,165,166,170,167,164,163,170,159,161,171,174,169,165,168,179,177,174,179,180,164,151,156,161,158,158,160,157,152,155,156,153,153,155,154,153,156,156,148,149,149,147,143,149,153,149,144,147,149,145,144,148,151,147,140,132,136,143,151,151,150,142,148,147,145,142,143,144,143,143,145,139,128,124,130,134,133,130,133,135,135,134,134,135,137,134,132,136,130,124,136,142,133,130,131,119,122,135,136,133,134,134,135,138,136,103,
129,156,159,161,161,161,161,163,166,167,162,157,155,148,149,155,158,157,158,159,155,158,153,154,158,151,159,163,156,151,154,156,154,154,155,154,151,153,154,154,156,159,160,163,165,166,166,167,165,160,147,153,148,152,149,153,152,150,154,155,150,150,152,149,150,157,160,160,154,152,153,155,153,153,151,154,157,153,144,141,148,151,154,154,140,142,149,165,163,160,152,152,151,152,154,147,144,147,150,142,130,127,134,130,131,133,133,133,132,135,135,134,133,137,134,135,141,137,129,132,137,136,132,127,122,122,128,134,135,135,133,133,135,133,111,
113,150,150,155,155,152,153,155,155,155,154,150,148,155,156,152,155,148,156,158,151,146,150,153,157,158,158,157,150,143,145,150,152,149,149,151,155,156,152,144,138,137,147,161,159,160,160,167,163,161,156,157,156,153,149,151,156,152,153,155,154,152,152,154,159,159,157,152,147,152,153,153,150,152,152,155,160,157,151,154,154,154,153,151,149,149,151,156,161,159,152,150,149,152,154,149,147,146,145,141,129,128,138,129,128,132,141,135,132,134,133,132,134,137,137,135,134,132,134,131,129,125,126,123,115,118,135,140,134,127,132,132,134,133,124,
123,155,159,163,162,158,153,156,151,161,160,150,148,158,156,153,154,154,158,161,160,160,155,152,152,156,160,158,154,151,149,153,156,153,154,153,160,160,158,144,131,132,141,162,162,155,157,158,156,160,160,154,151,156,156,153,152,152,151,154,154,153,152,152,156,155,148,148,149,153,150,147,152,151,152,153,158,158,155,154,155,156,152,146,146,149,151,153,155,153,149,147,145,148,151,151,157,148,147,149,130,127,140,137,132,132,135,136,136,137,136,134,135,133,130,134,132,130,133,133,128,127,133,126,112,122,148,149,133,121,134,133,128,126,107,
146,158,160,165,167,161,156,159,161,164,162,159,158,160,158,159,160,159,159,163,163,153,151,154,153,152,161,159,159,155,157,158,153,151,153,153,157,156,157,151,140,134,141,159,161,155,154,154,152,156,156,153,152,158,157,152,153,157,156,152,160,155,153,155,162,155,147,151,157,155,151,149,150,152,152,152,156,158,156,155,155,155,150,144,142,147,150,155,150,147,146,146,145,146,141,148,159,154,148,143,132,129,137,141,137,136,137,137,136,137,137,138,140,136,132,138,136,135,130,139,136,131,130,129,119,121,139,145,134,131,136,135,129,129,102,
128,156,160,164,164,160,157,160,163,163,165,162,158,162,167,163,158,154,160,161,163,161,162,155,152,154,164,159,158,155,157,156,151,147,148,152,154,153,153,153,144,135,141,162,166,156,155,152,154,156,149,148,159,154,156,154,152,156,158,155,150,150,151,154,156,155,151,152,154,152,150,150,150,151,153,153,152,157,155,154,149,152,149,142,144,145,150,152,149,146,145,142,144,142,138,144,153,153,145,139,135,133,143,143,138,138,144,139,136,140,139,139,145,140,137,135,137,134,131,135,139,136,133,129,121,122,133,137,133,134,138,134,125,126,111,
117,159,160,156,155,158,163,162,159,157,162,159,154,156,163,158,160,163,164,157,156,156,157,156,152,152,159,161,157,153,154,154,153,153,150,150,152,150,152,152,143,139,137,161,166,150,157,151,150,151,148,149,156,155,156,154,152,152,153,153,151,149,148,150,150,152,153,153,151,152,147,150,153,151,147,150,138,151,154,146,143,145,148,150,148,145,147,146,146,144,145,147,147,142,138,141,151,150,143,138,135,128,151,140,141,138,143,144,142,143,139,138,143,142,140,138,138,137,135,135,138,137,133,128,119,117,131,135,132,135,133,133,123,130,123,
128,160,150,148,149,156,157,154,154,153,159,159,160,158,146,151,162,161,156,156,154,153,155,157,153,149,151,159,159,152,155,157,149,147,153,147,143,147,158,152,147,151,137,151,156,154,154,154,153,150,151,153,154,154,154,151,143,145,151,153,151,150,146,151,149,151,152,151,143,154,150,149,156,153,145,146,149,150,150,147,144,144,148,152,150,145,145,150,149,141,144,149,149,142,141,146,152,150,144,143,130,126,146,148,145,140,141,148,150,145,140,137,138,139,138,138,140,139,135,133,139,137,131,134,116,102,117,138,132,126,126,130,129,131,106,
148,164,148,152,156,159,161,161,157,154,153,157,162,162,156,156,160,159,158,158,153,150,153,157,153,149,151,157,157,156,155,156,152,151,156,152,149,153,155,153,150,142,139,148,155,152,150,153,155,154,152,153,151,150,153,151,149,150,150,156,160,150,148,155,146,148,151,150,144,149,149,146,148,150,149,148,150,151,150,152,156,153,152,153,152,148,142,142,144,144,146,150,145,143,145,152,154,153,149,135,123,127,149,160,147,140,138,141,147,142,134,132,135,135,133,136,138,139,141,135,142,141,139,136,119,118,140,143,131,124,128,133,132,132,105,
130,164,157,158,161,160,158,160,160,158,157,157,157,160,160,157,156,154,159,162,155,148,149,156,154,150,155,154,152,152,151,156,153,149,151,152,150,149,153,154,147,136,142,155,156,150,149,151,153,152,150,153,155,150,151,150,150,149,146,150,157,149,147,152,155,152,150,150,151,149,144,145,147,146,148,153,156,153,153,156,159,153,154,152,147,153,150,142,146,152,150,149,148,148,150,153,154,154,150,136,122,127,141,135,137,138,139,132,142,139,133,136,133,131,132,133,136,136,135,139,140,137,135,130,123,127,141,139,128,130,142,138,133,133,120,
117,160,161,160,159,157,153,159,159,160,162,152,148,152,162,154,150,155,161,164,163,160,153,152,152,149,151,152,148,146,153,159,156,149,152,154,148,148,153,154,146,136,146,161,156,157,157,152,152,157,151,152,158,154,152,151,148,143,144,146,146,147,147,148,148,151,151,150,148,148,146,152,165,147,144,150,159,156,154,156,149,151,154,157,160,159,158,155,154,155,155,150,146,149,152,155,152,146,143,138,124,123,140,139,138,131,135,134,139,137,135,134,131,128,131,137,135,134,137,138,134,131,132,135,127,125,132,130,125,129,139,131,127,129,123,
125,157,164,164,154,159,148,151,156,160,162,150,145,149,160,155,151,157,162,160,159,155,152,151,153,151,147,151,149,138,135,158,156,142,158,160,141,145,152,157,149,143,149,158,155,154,156,154,152,152,150,151,154,159,160,154,146,149,152,149,153,157,148,146,144,157,153,150,138,143,149,151,152,150,146,150,161,158,154,154,153,153,155,155,155,159,157,154,150,157,158,150,142,151,151,156,155,140,142,150,148,133,138,147,142,133,134,137,141,139,134,133,135,133,131,134,136,135,134,132,137,133,135,147,138,126,128,131,130,130,126,124,127,129,102,
139,159,160,151,152,156,150,156,155,154,151,150,151,153,154,156,157,154,151,153,152,146,143,148,153,152,152,153,147,143,155,155,148,149,151,150,142,142,145,150,152,149,148,153,153,151,151,153,156,154,147,151,150,144,156,155,143,141,150,152,162,159,147,144,151,150,154,152,149,149,149,147,144,148,151,150,150,152,154,153,151,153,155,154,152,157,150,148,162,161,156,154,152,158,155,152,148,149,154,162,162,152,150,152,148,145,147,155,155,148,144,146,145,141,143,146,146,142,150,157,145,142,150,159,148,137,144,145,139,138,142,140,136,136,112,
120,155,156,160,157,154,151,150,151,150,150,152,153,157,159,154,158,151,150,156,153,146,146,149,150,154,151,152,148,145,142,144,143,142,139,144,144,140,134,144,154,156,152,151,153,155,154,153,155,146,144,154,156,146,153,155,149,149,151,153,157,156,151,149,153,154,153,153,156,156,153,149,153,159,157,152,152,151,154,151,149,154,154,156,159,155,148,151,159,156,151,151,156,154,152,155,158,153,152,155,153,150,149,146,144,149,148,149,145,148,147,136,131,140,144,146,144,143,145,141,137,137,138,137,137,135,131,130,135,136,134,132,133,132,112,
110,147,148,146,150,153,150,150,151,153,154,149,147,149,148,150,156,156,161,155,148,147,153,151,148,150,149,150,150,147,147,146,142,145,154,152,144,148,155,151,154,162,171,154,152,157,158,155,154,158,161,154,154,155,155,152,153,158,156,153,155,158,155,154,148,149,149,151,157,161,155,150,157,160,156,151,153,152,152,146,138,141,149,150,143,143,143,143,141,143,145,143,137,138,144,141,130,139,140,137,134,139,145,140,138,146,144,137,134,139,143,139,139,140,141,138,137,140,144,141,132,131,130,129,133,135,136,136,136,132,136,131,128,128,115,
127,151,151,155,159,157,150,147,148,154,154,147,148,149,150,155,152,160,168,155,144,144,147,149,148,144,146,150,146,148,149,144,144,137,160,151,141,142,152,149,151,146,138,146,149,150,148,149,150,145,138,147,153,150,143,145,149,153,154,154,156,146,140,153,139,138,149,149,150,147,151,152,149,147,149,146,142,144,148,144,135,136,146,148,141,142,146,145,142,143,146,143,149,140,146,147,136,140,141,139,134,142,148,150,152,149,146,144,138,138,143,147,147,145,143,144,142,142,146,147,137,137,134,140,139,137,140,142,138,134,137,136,133,132,109,
144,156,153,153,158,157,151,148,151,152,150,148,150,153,157,152,147,151,159,161,154,144,149,156,152,145,149,157,151,153,166,157,150,141,155,162,153,149,154,154,151,149,149,151,154,156,155,150,151,153,150,156,156,154,137,143,154,143,151,156,156,144,141,150,145,143,146,148,147,147,148,148,147,143,142,148,149,142,138,144,141,145,146,145,146,153,150,149,143,146,148,145,143,143,148,148,145,145,145,147,152,152,150,151,151,148,146,145,146,143,143,148,151,151,146,141,146,147,146,146,149,141,138,137,138,139,139,136,135,137,138,135,135,135,110,
119,155,155,156,158,156,153,153,154,152,150,152,154,154,158,166,153,138,141,157,155,142,145,147,151,148,148,152,155,154,153,150,149,150,156,157,155,153,152,150,149,151,158,159,157,156,154,150,151,155,150,150,152,152,147,147,153,148,146,151,154,152,151,155,155,145,140,144,142,140,143,144,144,143,147,149,161,143,126,144,139,135,144,143,141,143,147,146,145,146,148,148,147,148,150,149,146,145,146,147,147,149,147,149,150,146,145,144,149,143,144,147,150,149,147,147,147,147,145,144,145,141,141,142,140,139,138,140,139,139,145,145,140,133,124,
112,156,157,156,155,155,156,157,156,151,153,161,164,152,150,153,155,137,136,155,154,148,155,157,150,149,148,148,153,153,149,148,148,152,161,161,151,152,158,153,143,146,153,154,153,154,152,151,153,153,149,153,152,153,151,149,150,149,147,152,154,149,150,154,156,149,146,145,142,150,150,144,149,153,147,144,151,142,135,142,141,143,145,145,144,146,148,146,146,148,149,148,144,142,150,149,143,144,147,147,147,145,144,147,150,149,145,143,140,144,146,149,149,147,145,147,148,145,140,137,138,141,139,139,142,139,135,140,139,137,147,155,141,133,118,
125,156,157,158,147,152,156,156,158,150,155,161,156,151,152,163,163,143,138,150,153,148,154,157,154,154,153,154,155,156,147,145,154,154,157,159,151,150,154,152,145,148,154,155,151,150,149,154,157,154,157,159,154,154,157,154,148,150,154,157,156,141,148,152,149,147,149,147,145,144,139,141,147,147,146,145,144,142,142,143,141,140,144,145,145,150,151,146,147,146,147,150,145,130,147,146,135,143,148,144,136,142,144,146,147,148,147,142,143,147,148,147,149,148,146,147,152,143,134,134,134,143,138,133,143,139,135,133,134,137,141,141,138,137,108,
147,158,155,161,160,155,154,154,156,155,156,152,147,148,156,166,164,145,131,154,163,148,150,158,159,159,154,147,151,155,154,158,162,158,149,148,151,151,153,154,152,151,151,152,153,147,146,154,161,152,147,152,154,151,147,153,147,149,149,156,155,145,149,152,148,150,153,150,147,142,137,142,147,148,150,149,146,138,135,141,141,144,144,145,145,145,147,143,141,144,148,148,145,144,145,145,144,144,146,146,147,147,145,145,144,146,148,143,142,144,149,144,146,145,148,146,150,142,134,140,144,141,138,135,138,138,134,134,137,138,138,137,139,139,111,
120,153,155,160,162,158,154,153,153,152,154,154,144,145,157,166,165,148,120,156,167,153,150,156,159,161,157,157,155,152,153,155,159,157,152,153,156,152,152,155,153,151,153,162,158,147,139,144,158,151,144,151,155,153,154,153,150,150,149,151,153,152,151,150,148,144,142,146,147,147,145,148,151,151,152,150,149,133,130,140,143,137,133,143,147,146,142,141,143,147,148,146,146,146,145,145,145,145,148,146,138,137,147,146,142,143,147,143,140,142,148,145,143,143,146,146,147,141,138,142,144,141,138,136,137,138,135,138,144,142,138,138,140,138,135,
116,156,157,158,163,160,153,152,155,151,150,158,155,147,158,163,163,144,132,155,163,156,153,157,161,160,157,156,154,153,157,162,157,154,152,152,161,151,148,156,154,152,150,155,160,154,154,153,150,150,151,153,154,152,150,149,151,151,147,147,151,155,154,151,145,143,145,143,137,147,146,148,152,151,146,146,145,140,142,143,144,146,144,142,144,146,145,145,146,146,147,146,144,140,145,146,144,143,147,146,147,146,152,146,143,146,145,142,139,141,144,143,139,141,143,142,136,141,146,145,141,139,138,140,134,136,137,135,139,144,136,135,137,138,121,
142,165,159,153,156,163,153,154,157,154,151,153,147,149,156,158,148,134,134,153,161,156,157,158,154,156,153,154,152,154,159,164,152,152,156,160,160,153,149,149,150,153,155,154,155,156,159,157,151,150,154,154,151,151,153,152,149,152,150,149,148,152,150,154,145,140,140,145,138,142,148,146,150,153,149,145,142,138,138,141,140,141,139,139,142,143,147,146,146,146,150,147,142,132,145,145,142,143,142,144,146,147,147,144,143,143,142,139,138,142,143,141,141,141,141,140,142,149,150,147,144,138,136,138,129,132,135,134,142,142,135,135,137,137,106,
136,164,161,157,157,158,154,156,156,153,152,153,156,154,154,157,147,130,122,159,168,160,159,164,157,157,153,151,163,158,156,155,156,153,157,159,157,155,153,153,152,154,156,156,153,156,160,158,152,150,153,149,149,147,151,152,148,150,149,148,149,150,150,150,148,146,146,148,146,145,140,142,150,153,150,141,127,129,139,145,144,143,138,141,144,142,140,144,146,147,147,147,145,145,144,142,144,146,144,141,143,146,145,144,146,146,142,137,136,144,144,140,140,142,141,138,138,139,141,142,140,138,136,136,134,134,134,136,138,136,133,134,137,138,110,
117,162,161,159,158,156,156,158,156,154,154,155,151,149,155,161,170,132,106,160,166,163,158,158,151,153,154,153,157,155,153,151,149,150,154,156,155,152,151,151,150,152,153,153,148,156,163,154,145,147,152,155,149,146,152,149,146,147,150,151,147,146,153,154,148,147,151,149,143,143,147,150,151,149,157,138,113,109,137,149,149,149,141,140,146,146,144,145,146,146,145,145,145,143,139,141,146,144,142,142,142,143,145,146,149,149,148,142,134,134,144,144,141,141,143,140,138,138,142,144,143,145,146,144,144,141,139,142,140,139,143,142,142,142,136,
116,159,157,156,156,152,153,154,161,158,151,150,151,152,151,156,162,135,119,145,165,164,154,147,146,149,150,149,149,148,148,151,152,149,154,149,151,147,146,147,146,151,153,152,148,152,157,146,139,143,145,140,145,147,148,144,146,148,150,148,147,147,142,141,149,150,148,141,148,146,147,150,153,155,154,150,141,138,144,147,149,148,145,149,151,148,145,148,150,152,150,148,143,144,150,153,153,152,152,151,152,156,156,153,153,154,155,150,146,151,152,151,152,156,154,150,150,156,159,155,155,160,161,153,150,149,147,151,155,153,155,154,150,145,125,
139,149,154,154,156,162,154,151,151,151,150,150,151,148,147,149,152,152,148,151,151,155,158,149,140,147,152,149,138,148,153,155,147,153,161,152,143,151,151,150,153,158,160,160,155,155,158,158,156,156,160,166,160,158,158,161,163,157,161,163,167,162,163,173,168,169,171,182,174,164,164,163,159,162,171,173,164,157,159,159,156,158,165,165,161,161,169,158,157,161,162,157,149,154,158,159,157,157,157,156,156,156,156,158,157,158,161,156,151,153,156,154,154,157,160,155,143,154,171,153,117,120,162,159,141,143,149,150,148,146,149,147,134,137,113,
136,164,170,169,170,168,168,165,164,163,163,162,164,168,163,154,164,181,179,174,182,183,177,168,170,169,165,164,182,166,165,171,173,171,167,168,173,169,164,167,175,168,158,160,167,165,165,172,172,172,171,174,169,167,167,167,168,162,165,171,170,167,168,176,177,175,169,169,172,167,160,157,157,159,161,161,161,158,155,154,153,159,161,160,158,159,160,155,158,160,159,158,158,159,156,155,155,156,158,159,156,148,151,162,162,153,156,158,154,156,158,157,154,161,163,156,136,146,166,145,106,118,156,163,154,151,150,148,148,147,147,146,149,150,121,
128,184,182,177,180,184,176,173,174,177,175,167,161,171,170,162,168,185,181,172,169,169,175,171,165,167,169,167,168,165,164,162,159,161,161,160,159,164,165,165,162,159,142,137,152,167,163,169,168,174,169,165,158,161,162,156,155,156,158,159,160,162,165,164,165,167,167,166,163,161,160,153,155,156,158,153,153,156,155,152,152,156,155,152,152,155,156,158,158,159,157,156,159,159,160,158,155,158,164,160,158,146,149,164,171,158,158,157,155,153,157,157,156,158,157,154,146,152,157,144,129,137,152,161,156,151,149,147,148,147,148,147,147,143,138,
130,163,161,170,171,173,163,161,160,146,158,158,137,130,162,168,157,154,160,162,161,162,166,165,162,164,164,162,160,159,160,157,154,160,159,162,160,159,160,165,165,158,140,142,152,161,159,160,165,168,165,159,157,158,158,159,159,157,157,158,158,162,166,171,162,164,164,161,163,161,163,160,163,158,155,154,153,155,156,157,157,156,156,155,152,154,157,157,156,158,158,156,158,156,154,154,154,149,148,153,149,137,143,158,165,157,156,154,154,152,151,153,154,152,151,150,150,150,150,146,135,141,150,156,155,151,146,149,146,146,147,145,143,142,122,
156,161,158,167,160,163,164,160,158,158,157,155,144,153,166,170,161,157,158,161,162,162,165,161,159,160,162,161,167,162,157,156,159,169,158,160,160,159,158,158,164,159,148,145,144,151,157,154,152,157,162,160,158,158,159,160,165,162,159,164,168,163,161,166,161,164,167,167,163,163,162,163,166,163,157,156,159,158,157,156,161,158,156,156,155,155,161,159,156,159,160,157,155,155,151,151,152,151,156,153,141,132,139,153,154,148,149,151,151,148,146,151,153,151,148,145,150,146,146,144,137,141,146,152,154,151,147,147,144,144,147,145,141,143,112,
139,166,162,163,163,166,168,168,167,166,168,162,146,143,160,167,160,158,159,161,167,160,161,160,158,160,165,162,161,160,159,157,159,160,158,158,159,161,161,157,153,153,148,142,141,156,159,154,153,152,156,157,160,159,158,155,153,158,161,160,154,157,159,159,160,163,164,163,163,163,162,162,162,164,165,165,165,160,161,160,167,162,160,160,166,159,167,168,157,158,162,158,152,152,152,151,151,151,155,153,144,144,153,150,147,145,148,146,148,146,146,150,149,146,144,144,147,148,144,142,137,135,143,150,150,149,148,145,143,144,145,144,141,139,119,
121,167,169,171,169,168,169,170,171,168,173,167,141,150,172,169,160,161,161,164,167,161,162,164,168,167,167,166,170,175,169,164,160,159,160,161,165,169,163,161,155,155,136,137,150,171,163,155,159,157,155,156,155,155,156,154,154,157,160,160,154,153,159,164,162,162,163,160,161,162,162,164,157,161,163,158,159,159,163,165,164,164,161,160,162,158,156,155,154,154,155,153,152,150,148,148,147,148,152,152,145,151,155,143,145,145,147,143,146,146,144,146,145,145,147,145,144,144,143,141,137,137,146,152,147,144,146,144,142,143,141,142,142,142,132,
130,169,175,177,169,170,167,168,170,166,171,167,144,148,169,172,165,168,169,168,167,171,169,167,168,167,166,164,166,170,168,166,165,160,162,164,160,159,158,161,160,154,137,141,151,161,162,158,154,155,156,154,150,153,156,153,152,154,156,155,152,149,159,160,158,161,162,158,165,163,163,160,155,160,164,167,162,158,158,159,164,164,160,155,152,153,152,151,152,151,151,153,154,148,143,147,147,151,156,151,147,149,140,142,147,147,144,143,145,145,143,144,145,148,149,147,147,146,144,145,143,145,151,152,150,145,148,144,143,145,144,146,145,142,117,
151,166,171,167,166,167,166,166,168,167,165,161,153,155,165,167,161,153,153,163,166,158,154,163,163,165,160,157,162,163,163,164,164,162,161,163,161,156,154,157,156,152,147,150,153,154,159,160,156,156,158,155,150,154,157,151,156,153,157,158,145,154,160,160,156,161,162,161,160,164,164,161,162,165,164,158,156,158,156,160,167,164,159,156,158,158,157,157,152,154,155,155,156,151,146,150,155,154,153,152,154,155,153,151,152,153,152,150,150,151,152,148,152,150,154,153,152,150,153,151,145,142,157,154,148,148,147,140,137,138,145,146,141,148,119,
128,164,165,163,163,164,162,164,166,166,165,160,154,156,168,167,162,162,160,161,165,160,158,160,159,155,154,158,164,167,164,164,165,161,160,163,165,160,157,159,159,153,154,158,157,155,158,159,152,157,162,155,162,157,160,157,160,159,161,162,168,164,162,163,164,161,160,161,165,161,160,163,164,160,159,160,154,152,152,158,163,158,155,161,162,152,151,159,152,147,148,157,146,141,147,159,159,152,146,145,143,145,148,150,141,144,149,149,139,136,147,143,140,134,145,139,131,128,134,138,139,138,144,140,126,122,122,117,111,112,120,119,114,104,96,
117,162,161,161,162,163,162,163,166,163,158,159,152,144,154,166,162,162,161,161,162,162,160,155,155,157,156,156,159,164,160,156,156,159,160,154,156,165,157,153,156,166,153,150,150,153,154,157,155,158,146,141,155,158,147,145,154,152,146,145,150,143,138,141,149,142,136,137,140,130,132,155,156,137,121,131,144,130,126,128,127,127,124,120,121,119,113,110,112,113,112,104,104,107,109,129,154,152,122,94,104,110,99,98,102,107,99,93,100,98,88,94,102,100,90,91,94,92,89,107,131,144,131,105,92,86,80,86,87,78,80,87,91,77,80,
123,152,159,157,149,155,166,160,153,149,165,157,137,137,159,148,141,144,150,140,141,147,148,149,141,134,131,131,127,128,125,125,126,129,128,121,116,117,119,120,118,111,114,113,107,116,136,152,142,111,100,105,103,99,106,107,99,98,109,107,93,86,101,100,96,96,102,102,88,93,103,137,152,119,77,65,75,93,92,81,79,90,93,88,84,87,86,84,82,85,90,86,81,85,77,112,153,157,115,71,76,81,79,77,82,84,85,87,84,82,85,89,88,87,91,92,84,80,73,82,126,157,142,92,68,71,84,83,81,77,78,82,81,79,61,
119,113,127,132,119,121,127,127,121,118,114,113,106,104,100,101,105,105,94,93,97,123,150,158,124,77,53,100,92,90,89,94,95,93,94,93,90,85,90,94,92,85,88,88,80,85,118,152,137,79,73,92,91,85,90,94,89,92,94,89,92,91,93,92,86,99,95,95,93,90,96,126,149,119,67,58,81,90,83,84,86,85,86,85,82,83,82,85,88,79,84,87,83,84,82,113,150,154,113,62,54,69,76,78,80,81,82,83,80,81,81,77,81,82,82,86,86,85,71,73,117,146,145,101,65,65,76,79,79,80,84,82,76,73,58,
82,87,77,79,90,95,89,89,97,99,96,93,90,88,89,90,93,94,96,88,63,114,173,169,120,66,54,87,89,92,94,91,91,96,95,90,89,93,95,92,91,93,90,87,75,73,103,160,146,73,75,99,97,90,90,94,93,96,94,91,91,92,96,96,94,94,95,97,97,93,95,119,153,126,65,54,73,90,82,88,83,86,86,86,85,84,85,84,85,83,84,86,88,86,83,95,129,151,121,70,56,69,82,80,80,82,84,80,80,84,86,81,80,80,80,82,82,83,75,76,100,129,134,105,69,60,73,77,77,76,74,75,71,71,66,
68,80,80,88,88,92,97,90,94,96,95,89,88,88,91,94,94,94,94,82,72,105,155,161,123,78,66,85,93,87,84,89,91,91,91,92,92,94,94,92,91,91,88,89,76,74,94,153,142,90,73,91,99,97,93,94,95,95,94,93,92,94,97,97,100,100,96,95,96,91,95,107,173,136,68,49,65,87,82,82,81,83,82,79,82,82,81,83,86,85,81,81,80,79,74,73,113,149,137,84,63,62,83,79,84,80,80,85,82,82,83,85,81,79,79,80,81,81,72,66,83,114,136,128,88,61,67,72,79,81,76,73,80,80,69,
75,73,82,117,90,95,102,87,94,92,94,93,87,89,91,92,93,93,95,91,82,101,141,158,131,88,66,89,92,86,85,92,88,87,90,92,88,88,89,87,87,87,84,80,77,83,104,139,146,112,77,77,91,95,91,90,92,92,92,92,89,96,95,96,90,94,98,97,92,93,98,112,156,146,94,58,54,74,87,87,79,85,89,79,73,83,89,86,77,90,86,81,71,85,90,71,99,137,137,105,77,71,84,80,83,89,89,81,86,91,88,81,85,91,89,82,92,92,90,87,85,103,133,152,113,75,85,94,91,94,102,97,95,97,85,
78,61,68,89,86,90,89,86,85,83,84,83,80,83,86,86,86,84,85,84,77,92,137,170,155,101,55,84,94,90,89,96,97,93,88,92,93,89,83,90,95,89,79,89,94,91,100,136,155,118,74,85,102,91,92,101,103,97,105,108,96,88,102,106,99,98,109,111,108,108,110,121,147,149,120,93,95,107,106,104,115,120,114,114,124,119,111,117,125,115,105,114,129,117,113,120,131,135,138,131,117,94,97,115,117,104,101,113,116,102,100,114,105,100,105,87,108,97,105,110,92,93,114,125,119,90,79,84,85,87,87,87,85,84,67,
73,79,75,75,88,100,100,88,90,92,86,75,84,91,85,80,88,91,88,85,86,90,124,176,171,125,80,86,98,101,108,110,106,105,108,106,105,109,117,111,108,116,130,119,114,126,127,126,155,139,117,107,109,129,129,114,118,140,134,119,115,130,124,114,115,126,120,114,116,122,113,114,133,143,144,123,99,106,108,98,115,120,111,114,120,116,108,111,112,108,104,105,103,102,104,103,105,120,141,137,97,78,78,88,86,87,84,82,84,85,81,77,78,84,87,81,83,84,82,74,78,79,89,116,134,109,65,46,65,73,68,67,71,72,64,
107,115,100,126,137,121,124,141,127,110,111,131,117,106,109,122,111,107,114,124,113,104,110,134,156,145,112,86,93,100,98,98,99,97,95,99,102,99,96,96,96,96,87,93,100,102,88,98,128,151,125,88,77,78,79,86,90,86,88,96,96,93,95,100,96,91,93,99,97,88,94,93,108,139,163,139,72,47,81,88,87,88,90,91,90,88,89,91,86,86,88,87,86,88,87,86,83,91,133,164,160,83,57,76,78,75,76,79,79,79,77,79,83,80,79,80,80,79,78,77,77,75,74,93,145,140,99,64,61,70,73,75,69,72,64,
142,123,71,65,103,101,104,93,95,98,96,90,91,99,101,94,95,99,97,94,102,103,105,120,148,157,118,76,88,95,95,90,93,93,91,92,93,90,92,92,89,91,92,90,90,93,90,89,109,146,143,95,63,73,83,80,80,84,89,88,85,88,92,93,89,90,90,89,90,90,93,89,91,122,157,151,102,63,64,79,82,81,80,81,83,83,83,85,84,83,80,79,81,80,82,82,78,70,108,154,163,113,65,62,76,79,76,74,75,78,78,76,74,78,79,76,76,79,77,76,86,79,68,73,138,149,121,54,58,65,72,71,68,70,57,
164,124,63,71,93,91,92,97,97,93,93,96,96,95,98,97,94,92,97,102,100,96,94,111,155,172,130,53,78,92,97,99,91,92,98,90,88,89,89,90,90,91,91,90,90,92,93,88,93,146,164,112,57,65,90,86,82,83,89,88,85,85,89,89,90,91,87,88,90,92,93,89,89,108,143,159,130,71,56,79,81,80,80,81,83,80,83,83,85,80,76,79,85,85,83,83,78,71,88,128,155,135,78,57,74,78,74,77,79,76,75,77,67,77,79,75,75,79,73,76,82,79,69,70,101,133,135,103,65,57,66,69,69,70,57,
132,128,73,68,87,94,94,97,100,95,93,97,103,98,94,94,101,92,96,96,99,96,94,109,145,170,134,63,70,92,97,95,91,93,93,90,90,91,90,91,92,92,91,91,91,91,96,88,71,140,169,126,63,57,87,88,85,83,82,85,87,89,88,88,88,87,88,90,89,87,85,89,84,87,131,168,169,88,52,80,80,76,79,82,82,79,82,82,82,84,82,80,80,80,83,84,79,76,81,110,144,157,89,43,70,78,73,79,82,77,75,80,86,78,76,76,78,78,75,76,80,79,72,71,87,121,142,124,79,53,64,72,70,72,67,
129,136,76,64,94,97,96,93,96,91,91,89,97,100,93,92,92,91,93,97,98,97,95,110,140,165,137,76,69,89,94,98,95,95,95,92,91,91,90,91,95,91,88,86,94,93,95,89,79,125,162,138,80,58,73,86,86,86,87,86,87,87,84,86,90,90,88,88,90,84,83,90,85,85,124,163,173,114,63,70,77,77,77,80,80,79,82,81,81,86,86,83,82,82,86,84,78,80,76,91,113,170,108,50,62,78,77,78,78,78,78,80,80,80,78,75,74,77,77,80,84,80,75,71,65,104,144,155,92,54,60,75,70,73,63,
156,169,76,53,90,91,94,92,92,91,93,93,93,95,93,93,93,92,90,93,98,97,93,101,132,162,146,74,62,83,90,91,92,90,98,98,91,90,92,89,92,90,87,91,94,93,96,89,86,116,154,142,91,63,74,86,84,86,87,85,83,87,88,86,89,87,89,89,90,90,88,89,85,82,105,145,164,131,79,64,75,77,75,78,79,79,83,80,78,86,85,85,84,79,83,83,78,77,78,80,98,139,129,77,55,67,77,76,74,76,77,80,81,79,77,78,79,80,77,81,83,76,76,73,63,88,125,146,120,81,62,65,71,72,58,
143,171,98,68,85,91,91,91,90,96,99,97,92,92,92,96,101,96,86,89,103,101,92,82,117,163,159,84,55,79,93,92,91,87,89,89,89,89,88,88,90,89,89,94,96,92,93,94,92,103,133,143,113,66,64,77,81,83,83,80,82,85,84,83,86,86,86,87,89,91,91,91,87,81,91,129,161,147,89,54,79,79,79,78,80,79,80,81,80,80,85,85,84,82,82,83,80,80,80,75,87,126,143,101,57,58,78,76,76,75,75,81,75,76,77,80,82,80,78,80,79,76,77,76,75,79,104,131,135,106,71,60,67,71,60,
132,160,118,87,87,93,92,94,101,100,99,96,94,95,96,92,102,98,91,92,103,101,95,86,106,154,154,101,65,77,92,91,90,89,90,94,93,91,91,93,91,93,91,95,100,96,96,95,101,96,127,157,134,82,61,70,83,85,84,85,85,85,85,86,87,88,88,88,89,91,94,93,93,82,81,115,153,171,113,50,81,84,83,82,84,86,86,85,84,86,88,87,85,85,86,85,84,85,83,76,74,121,160,122,62,53,84,79,78,77,76,80,77,81,82,80,79,81,81,79,77,79,80,77,71,74,90,121,132,118,78,64,78,76,72,
126,163,128,89,90,96,98,95,104,97,98,94,97,96,98,92,94,95,96,95,97,98,96,88,101,142,152,104,66,78,94,91,91,92,95,95,96,92,95,106,94,98,96,95,99,99,96,95,98,97,128,163,145,93,63,71,87,89,86,86,86,88,89,88,90,91,91,91,90,91,90,92,93,88,86,101,132,158,134,80,78,89,89,86,87,87,87,88,86,89,91,90,87,89,90,87,88,88,85,82,66,98,154,139,85,60,76,82,80,80,79,79,82,84,84,82,82,81,81,81,78,80,83,79,82,80,79,107,129,135,92,65,77,80,68,
144,170,124,80,94,96,99,95,93,93,98,97,97,97,97,97,99,96,94,94,95,99,99,90,97,137,161,115,62,75,101,89,91,94,99,97,93,93,98,103,98,99,97,96,97,96,93,93,93,93,119,157,153,107,63,65,87,91,88,84,87,90,90,89,92,91,92,92,90,90,94,92,91,89,87,94,116,145,136,94,74,86,88,86,87,85,87,90,88,88,91,91,90,90,88,89,88,86,83,83,77,97,134,140,104,68,66,78,83,82,78,78,83,83,82,82,86,83,80,83,83,79,83,80,74,80,77,95,130,138,113,85,77,79,62,
135,165,119,84,89,98,96,93,93,95,100,102,102,97,97,97,97,99,94,94,94,102,101,88,86,135,162,118,68,70,94,92,87,92,95,95,93,95,98,95,94,97,98,98,96,93,92,91,96,90,110,155,153,110,55,59,86,88,84,86,87,88,89,91,92,91,92,93,89,87,89,90,89,86,81,87,111,145,148,95,61,78,91,88,87,86,83,87,88,87,87,88,89,88,89,89,86,82,82,83,81,92,118,137,117,75,57,71,77,81,78,75,82,81,80,81,80,79,81,83,78,78,81,79,76,76,76,84,103,126,127,98,70,70,64,
129,150,105,83,92,100,96,95,95,98,102,103,99,93,96,100,104,99,95,96,97,95,96,96,119,141,148,114,79,71,84,90,90,91,91,92,94,95,95,93,93,94,94,92,92,92,92,87,105,95,112,161,150,100,56,65,86,87,84,85,87,88,89,90,91,91,92,94,90,89,90,89,87,88,86,80,111,147,167,89,62,76,89,88,86,85,83,85,87,88,89,88,87,88,88,88,84,83,83,83,83,80,100,134,146,78,39,62,79,79,78,77,79,80,81,82,76,64,75,78,78,78,78,79,75,76,78,76,90,119,135,110,67,60,71,
125,142,102,81,93,105,96,98,96,98,98,100,99,93,96,101,95,97,99,97,96,94,94,99,118,139,144,113,67,60,81,87,89,89,86,89,92,95,91,89,97,95,89,88,91,92,92,91,99,100,116,150,144,99,63,68,85,89,89,89,88,88,89,91,89,90,91,92,91,90,90,86,89,90,87,84,105,133,142,108,75,72,83,87,85,83,82,84,87,89,88,88,86,89,87,88,84,84,83,82,84,80,92,128,152,109,55,55,71,76,78,80,80,80,80,81,84,90,82,73,84,84,77,80,77,79,78,74,77,106,132,117,82,61,55,
135,145,110,81,89,96,93,96,93,92,93,97,97,93,96,100,100,100,97,99,100,98,91,94,106,126,148,127,82,55,82,90,84,84,84,88,94,93,88,86,91,94,90,89,91,91,90,92,97,96,105,134,145,118,71,61,79,85,87,87,87,87,89,91,87,88,89,90,88,89,89,87,89,90,86,82,92,119,138,119,78,62,71,84,84,82,80,86,83,86,86,89,83,86,86,87,84,82,82,82,80,78,89,121,147,122,74,53,59,77,79,77,79,80,80,69,85,79,87,68,82,82,74,74,73,71,73,71,72,90,117,122,93,63,40,
113,136,116,86,87,95,96,94,92,91,94,93,92,92,96,97,96,95,91,99,106,94,84,89,94,125,149,136,94,59,72,85,81,82,85,89,94,93,88,88,94,95,90,87,86,90,90,87,88,91,87,123,150,143,93,50,75,82,81,87,83,85,86,84,86,87,85,82,85,89,88,87,91,88,86,83,82,104,139,133,83,54,71,88,78,77,83,84,78,80,86,81,79,82,87,86,81,77,78,79,77,77,80,104,138,144,107,62,49,72,75,73,76,71,79,65,87,56,82,77,80,71,71,76,75,71,77,78,70,75,106,125,101,65,52,
102,140,123,94,88,100,100,94,98,102,99,94,92,91,96,95,93,104,91,95,105,102,88,87,93,112,138,139,104,68,67,83,88,88,87,88,90,91,90,86,89,91,87,88,83,88,88,84,76,87,83,109,142,147,112,69,65,75,76,77,79,77,77,78,78,79,80,84,87,86,85,90,89,79,82,88,77,91,132,140,106,69,65,78,81,81,75,76,83,82,71,74,86,90,86,89,95,86,75,84,91,85,71,93,128,150,144,95,79,69,85,93,92,84,90,99,107,102,105,104,102,98,98,99,100,104,107,103,97,100,102,124,126,120,100,
105,142,131,91,82,103,105,92,99,98,104,97,94,95,91,91,92,92,89,91,97,97,89,88,92,108,136,147,122,78,69,87,97,97,89,89,86,90,91,86,78,82,87,87,75,84,88,83,75,84,89,104,133,146,125,81,60,84,92,83,76,88,88,79,83,94,88,78,84,93,94,81,88,92,88,73,85,99,121,133,120,99,94,102,106,106,110,113,110,104,106,115,113,113,117,123,121,118,131,123,114,115,138,121,123,136,139,127,115,123,135,119,114,125,133,119,114,126,130,112,117,125,116,107,108,114,108,103,102,118,98,110,126,123,91,
125,148,137,94,92,100,100,102,106,99,103,111,105,89,93,103,101,88,95,105,104,93,98,105,109,118,136,150,127,77,91,108,110,105,110,112,102,97,107,108,107,108,113,114,113,114,114,112,112,114,113,117,128,144,139,125,127,126,120,132,137,120,116,131,135,120,118,136,131,116,118,131,122,112,115,129,115,107,119,133,132,115,107,121,111,107,113,124,112,103,110,113,111,109,107,110,107,105,104,102,104,100,96,100,110,128,136,127,102,83,81,94,95,91,89,89,86,80,71,78,91,83,73,80,81,71,70,76,77,69,75,95,119,124,86,
114,142,129,122,124,132,136,133,130,140,146,136,131,141,145,130,126,139,140,124,124,142,134,120,121,135,128,146,142,146,123,121,137,150,134,127,139,143,128,123,138,141,124,124,143,141,124,122,129,135,121,125,142,154,142,122,97,108,117,114,102,103,104,105,103,104,104,100,99,103,103,92,88,95,92,82,82,93,101,147,146,107,61,50,72,85,82,69,78,81,76,73,83,88,82,76,80,83,80,80,84,83,76,77,86,120,155,138,91,49,58,78,76,71,65,70,71,73,74,73,76,76,72,71,74,75,73,70,69,70,72,85,115,126,90,
96,141,138,132,136,135,140,132,124,126,130,125,120,119,120,120,111,101,104,109,104,97,99,102,95,89,113,142,139,95,79,88,96,90,97,100,93,87,99,100,89,78,90,93,91,85,94,93,82,87,93,105,140,155,141,107,71,78,94,91,81,85,87,85,82,88,88,84,80,84,85,81,81,84,82,81,91,88,92,128,144,120,79,71,74,78,80,80,78,77,80,83,81,81,81,79,76,78,81,82,81,82,77,78,72,100,140,144,118,70,62,73,75,72,71,72,74,77,79,76,75,77,77,75,77,79,78,74,72,71,75,73,99,118,98,
89,137,142,137,128,104,85,98,102,100,97,101,100,101,101,104,101,95,94,97,98,99,98,96,95,95,106,136,151,128,77,62,94,98,91,87,91,89,90,93,94,91,87,85,88,90,86,83,81,82,83,88,102,130,144,128,97,71,82,94,91,89,88,88,85,90,89,90,87,87,87,89,92,87,87,90,90,83,84,109,141,145,112,72,61,76,83,81,79,79,79,76,80,80,83,82,77,78,79,79,81,82,81,82,78,79,99,134,137,94,55,59,74,75,75,75,75,74,73,74,77,76,78,75,76,77,72,74,73,73,76,72,76,87,80,
90,135,142,139,118,96,89,93,93,92,93,94,93,92,93,97,99,100,100,97,98,100,99,96,103,93,90,126,152,132,74,59,94,95,94,92,91,94,91,92,97,95,89,87,85,84,83,83,85,88,87,84,90,124,150,147,111,62,78,97,89,91,91,91,92,91,91,90,88,90,91,90,86,86,88,88,83,79,79,98,130,147,126,83,62,77,88,83,77,81,83,84,83,80,83,85,81,78,79,82,81,81,81,84,82,73,80,112,136,111,71,57,72,77,73,74,75,75,69,74,79,74,71,74,74,75,75,74,73,74,75,71,68,75,69,
84,129,132,124,111,96,86,86,90,93,94,93,93,94,95,96,97,102,88,93,96,92,97,94,108,100,95,117,141,132,95,70,79,86,92,93,90,88,88,90,90,92,92,86,85,89,82,81,86,86,87,83,83,103,149,154,119,72,76,90,91,91,91,91,85,86,89,89,89,90,90,87,85,88,87,85,79,84,83,85,107,135,126,95,61,71,83,80,77,80,81,82,80,80,80,80,81,80,79,79,81,82,83,86,83,75,80,100,139,128,71,55,69,77,79,75,74,76,78,76,75,74,75,73,72,73,74,74,73,73,74,71,65,70,80,
81,126,135,125,104,94,94,93,91,92,93,94,95,92,91,100,98,103,95,96,95,93,94,97,108,105,96,111,137,139,105,70,76,92,89,91,92,88,89,93,88,98,100,85,80,91,85,84,83,83,86,84,85,110,141,150,121,80,73,90,94,91,90,91,94,93,89,87,86,89,86,87,91,90,87,86,91,89,87,85,99,124,131,105,69,65,76,81,79,78,79,78,76,77,80,82,80,81,82,79,80,81,79,85,82,76,79,94,129,129,88,62,64,73,74,73,73,74,72,70,72,74,73,71,73,73,72,73,73,73,71,73,69,68,78,
88,131,139,127,100,96,98,89,92,94,96,93,94,93,93,97,99,99,100,98,95,95,95,98,107,104,93,109,141,148,109,59,73,97,82,89,98,91,88,93,92,101,99,88,81,87,89,88,86,86,85,83,85,104,132,146,125,75,63,87,92,87,85,90,92,92,89,87,86,93,85,86,86,86,87,88,87,88,86,79,85,118,139,122,83,63,74,79,77,78,81,81,77,78,78,84,81,81,80,77,82,81,80,82,80,77,77,90,116,130,104,68,60,70,76,75,74,74,74,74,71,73,74,74,74,73,71,72,73,74,73,72,71,68,56,
89,130,133,117,104,94,94,93,92,93,93,92,92,94,96,97,98,95,95,99,93,94,95,95,101,107,85,103,142,164,113,63,69,93,85,87,92,93,90,90,93,97,99,93,83,82,88,88,86,86,85,84,77,83,120,149,155,80,55,78,90,89,85,89,91,90,89,87,87,88,87,87,87,86,86,87,87,85,87,79,77,113,144,137,84,55,70,81,76,78,82,80,78,79,79,80,79,80,79,79,80,80,81,83,84,79,71,74,103,139,125,86,52,62,73,70,73,73,71,77,71,72,74,76,73,72,73,73,73,73,73,72,69,65,45,
73,119,137,131,105,85,85,89,89,92,95,91,90,92,89,90,98,95,92,98,89,89,92,96,94,98,101,106,135,157,130,87,70,82,88,86,86,87,87,91,94,100,104,98,87,83,88,87,89,84,84,87,79,76,104,139,141,100,71,72,87,91,86,87,89,89,88,88,86,86,86,89,93,87,85,84,90,81,90,83,68,104,138,138,110,71,67,77,77,80,81,79,79,79,79,79,79,79,79,78,76,76,82,82,85,82,70,68,73,146,144,111,48,50,66,71,71,72,70,73,72,71,70,70,71,70,70,70,72,73,73,71,67,70,62,
63,113,147,145,98,70,80,90,87,89,90,92,89,93,93,83,92,94,95,100,93,89,91,93,94,93,91,100,129,162,153,102,71,79,88,87,89,94,97,94,93,94,107,105,92,81,84,89,89,87,86,86,77,79,98,125,134,113,86,72,82,83,81,85,88,86,87,89,83,83,83,87,91,88,88,86,89,82,88,82,74,93,121,137,131,98,72,74,79,79,79,80,80,79,78,79,78,79,78,79,77,74,79,78,78,82,76,67,60,119,150,128,72,50,64,77,75,73,70,68,71,70,69,73,71,71,71,73,70,74,69,74,69,72,63,
60,108,155,158,91,56,80,89,85,88,90,92,91,93,97,90,89,92,98,98,95,91,91,92,93,93,90,92,112,166,170,103,63,78,97,91,93,99,94,97,98,95,99,102,95,86,85,88,89,88,87,85,77,68,80,117,138,132,97,64,79,90,83,84,89,91,86,88,86,87,86,86,87,90,90,88,86,85,86,81,74,82,107,134,146,116,73,73,81,78,76,81,82,79,79,78,81,79,79,80,84,81,80,80,80,80,79,71,69,98,135,137,98,58,59,67,72,74,71,68,73,70,67,72,69,71,70,71,69,72,70,70,71,72,58,
61,103,151,161,99,62,73,86,87,87,89,90,91,91,94,96,93,92,92,96,97,92,89,90,89,94,90,84,101,162,178,120,67,70,86,91,91,93,92,95,97,96,96,96,93,91,88,88,86,87,86,85,84,76,73,110,144,144,98,59,71,87,84,84,86,83,83,85,83,83,86,86,85,86,89,86,86,88,85,82,72,71,96,142,168,116,70,71,78,79,77,81,79,78,80,80,80,81,80,80,82,83,82,79,76,77,81,81,73,83,121,149,124,68,49,54,67,72,71,72,73,70,70,73,71,70,69,69,69,69,68,71,72,70,55,
58,104,146,150,107,70,70,83,86,87,89,88,90,92,92,93,93,91,92,95,91,94,90,85,88,92,89,87,110,147,154,118,78,68,82,88,89,92,92,90,92,92,95,90,91,94,92,88,84,92,92,84,87,87,80,101,135,140,107,65,64,84,89,85,85,86,88,87,83,85,89,85,84,85,87,85,84,86,84,83,68,69,89,138,153,124,81,71,80,81,78,79,81,80,81,80,80,80,79,79,81,82,79,78,75,78,82,83,76,79,114,152,137,90,49,50,64,72,73,73,69,69,71,70,69,69,68,67,67,69,68,68,71,67,63,
54,106,151,150,102,68,74,94,88,89,90,88,90,93,92,89,92,92,93,95,93,95,92,87,89,90,88,93,117,145,145,110,79,65,82,84,93,90,88,93,92,88,95,88,90,91,91,90,87,88,84,84,87,86,82,96,129,142,109,62,56,76,85,84,86,87,85,86,90,88,91,86,85,87,86,86,85,86,84,80,70,71,89,128,150,126,86,69,74,79,77,77,78,77,80,78,76,78,79,79,75,78,78,78,75,76,79,82,86,86,109,138,138,99,52,43,61,72,71,70,69,69,71,68,67,69,70,68,68,71,68,67,71,68,59,
59,100,152,152,81,56,73,103,93,91,89,87,87,90,92,94,95,93,93,92,93,96,93,90,90,91,88,87,110,150,164,124,77,54,92,85,90,90,87,85,88,87,88,90,90,88,88,88,88,88,89,86,86,86,82,89,125,151,120,59,51,72,90,83,87,86,84,83,86,87,87,88,86,84,84,85,86,85,84,81,74,75,86,118,158,144,92,61,67,80,79,75,81,75,78,76,74,75,77,79,76,76,77,77,76,75,76,79,81,83,99,129,139,109,59,49,63,74,70,72,71,68,68,71,67,69,71,73,71,70,68,68,72,70,53,
69,103,140,141,94,62,71,96,98,90,87,88,89,89,88,89,91,93,91,90,91,94,89,85,88,91,89,81,102,141,162,132,85,61,79,86,85,87,88,87,86,86,88,89,89,86,84,86,87,86,89,86,83,84,83,77,117,170,139,69,55,64,83,84,83,84,85,83,82,82,82,84,85,84,83,85,86,83,84,84,75,72,86,104,165,160,99,56,54,72,80,76,75,75,76,75,72,72,75,77,77,75,74,75,76,76,76,76,86,78,83,115,150,135,80,46,50,74,71,71,68,67,67,68,68,70,70,68,68,69,68,71,72,68,53,
66,101,126,134,106,72,70,88,91,88,87,88,89,86,87,88,86,89,88,86,85,91,86,88,86,87,86,83,97,127,151,139,97,68,74,82,82,85,87,84,88,88,89,87,88,85,84,84,87,84,84,88,83,85,87,84,113,155,139,93,65,64,76,79,79,82,85,82,79,83,82,81,83,85,84,84,84,86,83,84,83,82,82,96,135,147,123,72,51,67,79,76,71,70,74,74,70,68,72,73,75,71,71,74,71,70,75,69,76,67,68,94,135,141,112,73,61,61,63,64,64,62,62,65,68,66,66,68,68,66,64,68,69,66,55,
67,91,116,139,118,77,66,94,92,90,89,92,84,87,91,87,90,89,88,90,90,91,89,86,86,87,87,80,83,116,150,143,106,69,75,89,88,86,85,80,97,92,94,89,91,88,86,88,87,86,87,87,85,87,86,87,110,151,155,115,74,56,66,74,75,79,85,78,75,81,79,79,77,79,81,79,79,80,79,79,81,83,79,83,107,139,138,88,53,62,72,73,69,71,69,68,68,67,68,69,65,74,71,73,69,63,73,73,64,62,70,86,121,146,130,91,53,55,71,71,53,66,70,69,62,72,77,67,49,73,77,71,67,79,66,
73,83,115,153,125,77,59,84,89,86,85,89,91,89,89,89,92,90,89,88,89,90,89,92,93,86,85,85,83,105,148,148,126,73,71,94,89,76,83,90,86,85,87,91,87,86,89,91,87,85,87,87,83,84,87,82,95,145,164,127,90,46,52,81,79,76,70,79,86,85,75,85,88,83,76,86,90,82,79,88,89,79,77,91,107,124,147,104,63,43,72,86,76,61,76,83,85,73,80,86,90,84,86,92,92,89,94,99,98,98,98,102,124,142,133,110,113,109,107,109,118,108,100,106,120,109,105,108,123,110,106,117,126,112,82,
74,90,118,147,128,85,65,75,75,83,92,91,79,87,95,91,82,93,99,92,84,98,103,88,84,95,98,86,73,109,144,151,126,98,85,77,83,87,92,82,87,93,87,76,88,97,93,82,96,99,92,87,97,97,94,84,93,133,152,144,116,87,87,103,102,102,107,109,111,114,119,118,117,121,127,120,120,128,133,122,114,123,140,122,132,144,143,115,95,110,114,105,105,128,118,107,110,123,110,103,110,126,116,106,113,121,111,109,112,121,113,105,119,140,139,118,107,97,103,103,106,99,97,99,106,102,101,102,102,98,98,101,96,95,81,
81,117,131,143,130,106,97,105,118,124,123,123,130,129,127,128,135,128,124,130,142,133,130,135,141,132,129,136,137,134,141,139,130,113,107,128,132,114,116,132,127,111,114,137,125,114,122,142,117,112,122,141,120,111,121,131,119,132,144,139,124,107,118,121,111,109,117,118,110,115,127,122,113,119,126,112,111,117,120,113,107,107,114,110,123,133,132,115,89,76,84,91,90,86,88,93,91,83,85,89,83,74,84,90,84,75,82,88,81,77,86,85,87,111,139,130,93,60,66,75,71,72,76,72,64,69,77,76,69,70,74,74,67,68,73,
96,136,134,145,138,128,106,111,133,138,123,122,132,132,126,124,134,127,123,125,132,126,123,123,127,124,121,123,128,130,140,148,133,101,80,82,92,96,95,89,86,91,90,82,84,93,91,76,82,90,88,77,85,92,89,83,98,123,149,150,119,82,73,82,87,91,87,84,89,91,84,86,89,88,79,83,85,83,78,85,88,85,78,83,97,120,136,120,84,60,65,78,79,81,78,82,78,82,82,80,80,82,82,80,79,83,82,81,81,82,80,76,76,95,126,138,108,60,55,68,70,71,71,71,71,68,68,70,71,68,69,69,68,67,59,
84,82,109,145,138,92,69,79,84,82,91,94,84,85,96,96,86,90,99,98,88,92,99,96,86,89,95,94,83,102,130,163,139,100,62,70,74,81,80,77,76,79,80,81,84,84,82,82,82,81,80,82,82,81,81,82,84,96,141,163,133,77,58,84,82,85,87,86,86,87,90,89,86,85,86,86,84,83,86,86,85,86,89,84,91,105,132,131,103,57,59,79,83,82,82,82,80,82,83,81,81,83,83,81,79,80,82,81,82,84,82,78,78,87,109,136,127,60,52,70,75,71,70,72,69,67,68,71,73,70,70,70,68,70,56,
71,79,96,133,140,112,75,68,83,92,88,88,89,91,92,90,88,90,90,91,90,95,95,96,90,88,89,94,96,90,115,146,159,118,68,65,83,85,81,80,80,80,80,82,88,88,83,82,88,85,83,85,81,80,82,80,72,77,116,161,155,104,66,68,81,86,83,84,86,87,87,86,88,88,88,88,88,85,79,80,83,83,89,84,90,83,95,140,125,80,65,75,84,81,79,81,82,85,86,83,83,85,82,80,80,79,79,80,79,79,82,79,85,71,76,118,143,99,61,62,72,76,72,71,70,70,70,71,72,71,70,69,71,74,61,
64,85,96,127,144,125,81,68,83,91,86,89,88,89,95,92,92,91,90,91,92,93,96,97,92,92,92,92,83,79,102,137,149,119,69,61,78,81,78,79,81,78,78,81,86,89,77,76,86,85,83,79,75,78,82,81,75,75,102,142,154,122,77,68,84,87,84,84,82,84,88,85,86,86,80,86,86,85,83,82,83,83,83,83,81,78,103,139,139,103,69,69,83,81,77,81,80,81,81,80,82,85,86,80,82,82,77,80,80,82,83,81,78,72,75,102,129,116,83,61,64,70,71,71,73,71,69,70,70,70,70,68,71,69,66,
70,85,91,125,144,111,73,66,86,91,87,91,88,92,96,92,89,91,93,93,95,96,96,97,97,94,92,89,79,78,93,127,143,136,72,53,77,79,77,79,75,76,78,81,83,83,78,80,86,85,83,83,81,79,80,82,78,74,91,134,164,142,88,74,88,87,84,84,83,83,86,87,85,86,83,86,86,85,85,84,84,87,88,84,78,78,98,136,149,121,79,72,82,83,78,82,81,79,79,78,80,81,81,81,81,79,81,81,80,78,79,81,80,75,73,90,121,141,115,63,61,70,76,71,76,70,69,71,73,69,68,69,72,70,58,
84,90,84,124,147,116,89,71,83,90,91,93,91,94,96,93,92,96,99,96,96,96,95,96,93,95,95,92,82,80,85,123,145,154,85,55,73,77,78,79,77,77,80,81,81,81,81,82,83,83,84,85,85,82,80,83,77,75,78,114,168,159,102,78,86,87,86,85,84,84,85,88,86,86,89,90,87,85,84,83,85,88,89,84,82,79,87,126,156,140,95,70,76,84,83,82,83,82,81,81,80,81,84,83,80,80,82,82,81,82,84,82,83,79,74,77,104,169,140,65,56,68,80,73,74,71,71,72,73,68,67,70,71,71,55,
72,84,83,116,150,141,101,77,81,91,94,94,91,93,97,94,93,93,96,93,92,88,95,95,93,90,92,93,81,73,84,118,149,147,95,58,67,77,78,79,78,79,82,80,81,81,80,83,79,79,84,86,86,83,81,83,83,79,77,106,144,151,115,84,80,86,87,86,85,84,83,84,83,85,86,86,83,82,83,84,83,83,83,84,86,82,84,108,140,142,107,73,68,78,78,78,82,84,83,81,82,83,83,80,78,81,83,79,81,77,81,80,80,81,80,71,91,145,138,89,62,62,71,75,74,75,75,74,72,70,69,70,71,72,60,
66,88,88,112,153,151,113,81,79,89,92,93,89,92,93,91,89,92,93,90,91,92,92,92,94,92,90,91,89,83,86,113,149,156,103,55,60,74,79,81,77,80,83,80,79,77,80,84,77,79,82,83,82,82,83,84,85,79,77,96,127,145,126,88,74,83,85,80,81,85,80,83,85,85,84,78,79,78,80,82,82,81,83,84,85,83,81,94,122,138,117,81,64,73,81,80,83,84,80,78,82,82,86,81,76,79,85,80,79,77,73,78,78,83,79,73,86,118,128,105,71,58,69,75,74,72,72,74,74,65,67,71,66,70,67,
71,88,86,105,162,161,113,76,74,94,92,90,89,94,92,89,89,91,93,91,90,91,91,91,91,89,89,91,94,91,86,102,119,150,110,39,64,84,80,81,77,80,82,81,77,80,82,83,83,82,82,83,82,82,83,84,86,83,76,84,110,148,140,93,70,85,88,84,79,84,80,85,83,83,85,83,80,78,80,81,81,82,84,85,86,84,81,87,108,138,133,99,59,69,83,78,82,80,77,80,81,82,82,82,78,77,78,79,77,76,79,79,78,79,80,77,82,114,132,117,81,55,63,71,72,71,70,71,74,70,70,71,69,72,58,
81,86,83,104,159,166,122,80,75,87,89,88,87,88,90,90,91,93,94,92,90,91,91,91,89,88,91,89,95,97,82,94,115,173,123,53,58,75,78,79,77,80,82,82,81,79,80,81,80,81,83,85,84,82,83,83,83,87,79,74,91,150,148,107,67,81,87,84,82,84,83,82,82,84,86,85,81,81,83,82,82,83,83,82,87,85,79,80,92,138,149,112,62,63,79,79,78,78,79,80,80,80,80,80,79,79,80,79,76,73,76,80,78,75,81,78,72,103,134,127,96,59,52,65,70,72,71,70,70,68,69,70,69,69,56,
73,89,86,104,148,160,123,83,73,84,88,87,86,87,90,89,89,92,91,91,87,90,91,92,89,90,93,89,88,86,83,90,120,149,122,67,55,73,80,78,77,79,81,81,81,81,81,82,79,83,84,86,82,83,82,82,81,84,80,76,93,131,143,113,78,74,83,82,83,87,87,86,89,89,85,87,83,82,86,81,85,83,84,82,84,84,79,79,89,124,144,118,75,61,73,79,77,77,78,79,80,78,80,80,81,81,79,78,76,75,79,75,77,77,76,75,71,87,120,132,111,73,54,60,67,72,73,71,68,68,70,69,70,69,63,
50,67,72,78,102,120,113,65,47,63,77,67,63,70,86,67,60,77,81,67,62,71,76,67,65,72,71,63,63,75,67,63,90,134,107,50,34,55,62,56,62,74,61,59,64,74,64,57,57,68,62,62,73,72,61,59,70,68,56,55,73,92,101,90,62,48,57,64,75,63,66,68,72,69,59,69,80,61,63,72,70,61,61,70,67,60,59,69,71,83,105,116,76,45,52,71,64,55,59,74,63,52,67,78,63,59,66,67,56,58,67,63,56,57,66,61,54,59,87,101,87,65,53,45,47,53,61,52,49,55,60,51,53,60,57,
