125,159,129,141,152,146,131,136,148,140,123,136,145,139,135,139,150,148,134,147,161,137,126,150,164,148,145,166,159,134,140,165,166,142,145,166,154,139,147,157,153,146,142,155,152,138,147,153,137,136,147,152,144,148,155,151,135,142,153,153,144,146,157,150,133,137,149,140,132,143,156,144,132,149,165,146,132,138,136,114,123,149,154,129,113,122,132,123,125,137,139,134,132,129,136,126,117,135,132,126,125,138,133,120,136,140,127,127,141,143,124,121,136,135,122,124,130,131,116,118,137,127,109,120,125,115,119,130,123,111,114,116,125,128,20,
139,150,150,154,148,141,150,152,146,140,146,152,131,136,157,152,149,166,164,148,142,153,165,154,144,163,172,149,158,175,162,160,167,159,164,161,159,163,167,161,164,171,150,143,155,163,153,143,153,162,150,141,155,167,154,148,160,169,150,150,162,170,154,154,158,165,155,155,160,156,148,156,155,146,150,166,162,141,132,136,149,151,143,149,140,124,137,146,140,136,135,146,149,141,136,148,147,145,144,147,138,142,145,145,143,138,145,148,141,137,141,144,141,137,139,143,138,138,134,137,130,125,135,136,116,132,136,134,126,120,124,121,115,141,63,
137,153,144,139,145,149,150,147,141,140,145,144,142,149,143,138,151,169,154,138,152,148,143,149,142,151,160,152,147,160,160,160,148,134,151,161,160,155,158,161,163,157,149,151,158,158,153,149,147,146,154,146,146,155,147,152,160,159,149,156,155,156,151,155,157,158,153,149,146,147,154,155,145,136,155,164,146,134,140,130,140,145,139,143,141,133,137,132,132,138,139,137,139,135,131,132,139,142,134,129,131,131,130,126,124,136,141,134,120,136,139,125,128,132,127,126,127,134,127,123,126,124,126,127,118,122,124,120,120,119,120,119,117,130,104,
123,152,144,149,139,137,148,150,141,134,151,140,129,143,146,143,151,163,147,145,163,145,133,149,153,151,158,155,131,140,157,159,149,146,157,163,156,155,158,158,157,153,152,145,155,150,149,148,152,141,156,149,141,152,151,149,149,146,147,154,154,152,148,150,161,152,139,138,144,148,142,143,143,136,140,148,142,142,147,129,135,132,131,133,138,138,129,124,134,129,130,141,137,125,129,147,136,124,118,129,138,126,119,133,128,129,129,136,118,125,132,132,127,124,128,137,140,144,139,131,130,134,135,133,131,129,136,136,124,132,136,132,128,132,134,
127,158,149,151,135,141,141,144,154,143,145,136,135,139,149,144,147,169,143,134,155,154,144,151,158,153,153,160,154,144,144,158,168,157,150,161,151,144,141,143,134,138,148,145,135,132,139,149,150,146,140,127,129,145,146,140,137,137,136,137,138,143,134,138,155,147,132,127,141,152,144,138,136,143,138,136,153,163,163,155,150,154,160,158,152,146,148,154,156,147,144,150,141,107,143,170,147,147,152,150,147,148,149,155,154,150,138,142,147,152,152,147,144,146,147,147,150,146,139,144,150,148,138,139,140,136,142,138,149,143,140,140,134,137,131,
139,153,145,143,137,141,142,144,142,139,143,139,134,143,148,153,172,177,159,146,153,152,149,152,152,152,146,151,146,139,139,145,151,147,140,150,162,155,144,145,148,148,153,149,140,142,152,150,150,155,147,147,162,160,148,142,158,153,151,159,153,156,145,151,155,150,151,158,154,156,152,141,145,151,147,150,160,166,162,156,157,167,163,158,154,156,163,156,154,151,151,143,150,143,158,148,149,147,143,147,144,160,159,144,143,145,146,142,146,148,141,139,136,134,140,137,134,141,141,137,142,125,117,131,133,134,128,112,118,126,137,131,124,132,114,
142,168,159,152,160,162,160,163,160,158,157,156,152,149,155,171,178,187,186,157,146,158,165,162,166,175,157,154,174,159,147,158,175,174,165,167,165,170,176,173,173,175,177,168,156,159,167,169,159,155,150,157,169,161,153,147,149,150,152,153,147,146,141,146,147,151,149,142,139,145,143,136,137,146,146,148,140,146,140,141,149,152,143,144,134,137,135,137,137,136,130,134,141,137,135,137,140,139,137,132,132,140,120,119,138,139,134,127,133,125,121,130,132,131,135,129,133,131,129,128,138,134,113,114,130,134,116,104,115,130,130,125,124,134,122,
136,183,164,164,173,172,164,171,167,164,161,158,162,159,163,168,164,160,166,157,150,161,165,154,154,168,159,155,168,158,148,155,167,168,168,160,148,156,163,158,154,168,175,143,129,153,153,137,154,147,141,135,123,140,144,134,127,137,145,138,132,131,131,133,137,155,158,129,122,138,140,135,139,149,139,151,141,150,148,143,155,148,131,134,136,143,146,144,143,140,140,147,146,140,144,150,141,149,151,137,135,141,99,118,142,144,140,130,138,133,133,137,140,142,141,134,140,135,123,127,138,139,125,115,125,133,122,103,118,133,126,126,132,127,131,
134,162,147,153,156,147,142,155,161,161,158,146,152,149,149,151,149,150,149,146,146,145,142,140,138,142,143,142,139,138,143,140,132,144,146,144,156,137,126,140,151,144,151,144,154,163,154,147,152,150,147,150,158,150,138,138,144,146,147,143,146,146,142,145,147,152,148,141,144,142,148,162,166,155,146,151,151,157,159,153,153,148,144,149,151,150,148,150,151,148,150,150,155,150,134,149,149,150,150,147,141,139,99,128,148,147,145,140,139,136,137,137,140,140,140,138,133,125,129,129,131,129,124,118,132,131,119,100,131,126,122,123,121,124,120,
142,146,143,145,147,143,136,144,152,151,148,146,142,138,145,151,153,154,147,147,152,152,146,148,150,148,144,149,146,152,150,143,143,159,149,142,165,147,136,149,154,145,139,143,165,181,159,145,151,155,154,153,152,147,145,148,149,153,147,134,143,154,145,148,149,141,150,157,146,141,154,159,153,152,151,155,157,152,149,154,153,146,146,153,155,150,145,148,150,148,152,146,156,153,145,151,154,150,149,152,146,136,119,135,153,145,138,140,137,136,137,134,138,134,132,133,142,136,130,132,131,126,131,126,129,133,131,110,121,128,131,125,121,137,113,
130,149,146,149,151,149,149,152,151,148,152,155,150,150,155,157,158,158,146,149,160,155,148,147,156,161,151,156,154,155,151,145,148,151,153,149,143,140,156,164,150,139,137,138,156,160,148,151,165,153,150,152,160,146,148,157,160,147,135,149,151,146,145,153,147,143,162,163,146,141,147,146,146,153,154,148,147,151,151,155,147,149,146,148,151,150,144,142,145,149,157,153,145,143,145,146,147,147,150,151,145,123,110,141,157,147,140,141,138,136,141,143,135,133,134,133,141,135,131,136,135,132,146,140,118,123,124,111,125,138,129,122,130,139,129,
120,159,146,151,148,143,143,153,150,145,146,152,148,153,161,161,159,145,146,149,159,167,146,139,145,143,148,150,152,153,148,150,154,155,154,155,141,131,153,162,137,130,138,136,155,148,149,154,158,144,143,150,153,152,148,149,147,145,142,146,144,145,151,145,135,147,163,161,146,144,144,144,148,148,147,141,141,150,153,142,134,152,151,145,148,152,143,140,141,143,141,135,132,138,145,144,144,142,147,152,145,125,114,144,154,145,135,138,138,136,140,142,134,137,140,136,139,147,144,134,134,142,147,129,118,128,116,108,140,148,132,119,130,131,150,
136,157,146,151,148,151,157,153,151,159,161,155,153,153,160,161,157,155,166,159,154,157,147,145,153,149,147,150,150,144,144,147,155,157,150,152,161,144,152,152,153,146,144,138,158,162,158,155,159,160,150,148,163,163,150,144,141,142,152,152,147,144,148,147,153,147,150,152,145,151,148,146,141,142,146,149,148,147,147,148,148,151,156,152,147,148,147,148,145,141,136,147,140,140,142,148,146,141,145,149,146,132,109,137,145,143,140,136,131,131,139,142,134,136,140,136,142,147,139,132,132,129,125,125,128,134,116,113,135,148,140,131,132,141,124,
151,155,157,151,156,149,148,155,159,148,145,154,158,151,152,156,156,155,158,156,151,152,152,153,155,161,161,160,164,153,158,149,144,145,154,151,152,147,152,149,146,144,145,142,149,157,156,154,157,158,157,154,152,158,160,154,145,153,149,151,161,146,139,148,146,146,148,145,145,150,152,151,144,146,147,145,146,144,146,150,148,147,152,149,135,146,148,151,149,148,140,139,141,143,148,155,148,140,146,151,141,128,118,132,139,138,139,140,140,133,143,146,135,142,140,130,138,140,139,135,132,137,136,137,137,138,121,116,133,144,136,129,131,139,106,
133,161,156,157,155,154,155,154,163,162,149,149,155,156,155,152,155,154,161,158,154,152,153,150,151,152,152,160,164,145,148,150,141,147,158,159,157,155,153,149,140,144,149,141,152,155,145,145,148,150,160,156,152,157,160,157,152,154,155,155,153,145,140,145,152,151,147,148,145,141,144,142,142,146,146,153,146,137,148,150,143,147,145,144,148,156,148,141,142,144,143,142,142,141,143,147,147,140,140,152,151,127,107,126,144,137,138,143,153,139,126,132,132,143,144,132,128,131,129,135,135,135,132,134,136,130,109,119,147,154,131,119,122,128,132,
119,166,159,161,144,147,150,136,142,160,158,147,148,157,159,150,155,153,160,156,155,157,157,153,154,153,156,158,153,140,136,139,132,132,152,163,155,150,159,156,145,147,150,136,154,155,143,141,145,157,164,161,154,151,148,145,145,152,157,154,148,144,144,144,144,139,146,148,145,144,146,139,144,145,142,150,158,134,144,152,139,147,149,140,149,153,145,141,147,143,131,136,148,141,136,140,144,140,140,154,150,130,108,144,161,142,140,144,142,145,141,137,133,138,147,144,133,135,135,133,135,133,130,133,132,125,116,125,144,144,125,128,127,128,138,
126,156,159,163,146,138,156,167,149,138,159,159,153,157,158,152,155,154,155,152,148,148,156,163,159,153,157,157,148,149,152,150,138,134,150,162,157,142,149,162,149,145,146,148,163,164,150,147,154,152,153,158,158,149,145,144,148,152,148,143,150,152,145,146,150,146,150,151,146,145,152,149,152,152,152,157,153,140,144,152,151,150,147,146,152,147,147,147,149,149,142,141,145,142,145,139,139,147,148,147,153,140,123,140,158,152,147,137,135,140,139,138,143,145,143,142,140,140,137,139,136,137,133,138,132,123,116,124,136,140,131,132,128,137,126,
139,152,159,146,148,148,152,160,164,146,145,157,162,159,148,144,153,158,156,156,154,146,144,152,155,153,157,157,142,154,158,159,152,147,154,156,158,151,148,158,158,149,144,152,170,169,152,152,156,156,157,157,151,154,159,153,154,153,150,149,152,153,146,153,155,151,148,151,155,152,154,151,148,155,159,159,158,150,145,154,148,146,147,144,149,145,148,144,147,146,146,147,139,138,143,141,144,148,150,146,147,144,138,145,151,149,142,145,145,143,140,135,139,145,139,137,132,137,140,142,137,136,130,124,131,133,127,125,128,132,130,127,126,139,112,
133,160,151,156,152,150,148,152,157,153,148,151,159,164,162,159,150,157,158,160,158,157,150,148,151,157,158,156,142,155,162,159,159,158,155,151,151,153,159,161,152,147,144,152,167,170,157,153,158,149,143,152,150,152,148,147,150,151,141,141,144,143,139,147,150,140,138,143,144,144,148,144,140,145,145,146,153,158,143,147,157,151,144,141,148,144,141,136,143,140,139,141,138,137,138,143,143,139,144,149,155,148,137,135,139,144,130,115,133,142,132,124,126,137,128,129,137,131,119,124,135,136,129,126,139,154,150,133,129,137,134,131,129,134,127,
130,165,147,150,151,147,147,158,157,156,156,152,154,165,167,160,146,149,146,151,150,148,148,148,149,156,162,154,150,154,152,150,153,157,159,156,153,148,169,172,139,129,137,154,159,147,150,149,147,152,150,148,150,149,142,139,138,131,128,134,137,134,134,137,138,140,137,139,140,144,144,138,138,138,135,132,138,154,149,147,139,134,141,141,135,144,145,142,145,144,147,139,128,142,147,137,129,136,151,158,156,157,153,147,143,145,148,143,136,141,142,137,137,141,143,153,156,145,145,146,141,144,148,149,149,148,142,142,140,141,137,147,140,137,140,
135,154,161,155,147,156,146,144,157,159,157,154,154,157,154,151,154,147,136,145,153,144,138,147,158,147,137,147,158,156,147,143,137,144,157,147,150,146,140,154,150,164,174,156,152,155,161,156,146,154,162,152,150,154,159,155,153,154,153,151,147,154,152,150,141,153,151,153,156,158,150,152,152,152,149,139,142,150,152,157,159,151,145,149,154,155,147,145,143,148,148,148,150,148,150,142,140,141,150,148,141,144,145,139,141,145,147,139,135,142,145,140,142,146,139,135,136,146,143,135,137,143,144,136,142,136,134,133,134,136,128,126,136,143,122,
151,155,163,162,162,169,164,170,159,156,156,158,160,157,154,161,170,171,172,162,155,156,159,161,166,157,157,157,149,156,158,149,132,136,150,145,140,151,153,147,155,170,171,157,145,145,152,150,145,152,150,146,146,151,155,154,151,144,142,151,143,146,149,154,147,150,145,150,153,143,139,149,146,144,151,147,120,107,136,150,136,128,134,134,130,129,140,140,125,135,138,138,137,135,140,142,141,142,142,139,138,138,139,144,145,144,143,147,142,141,146,145,143,143,143,145,136,145,137,129,137,137,145,144,139,135,138,139,133,135,141,139,135,144,119,
147,174,164,162,156,161,154,148,154,161,163,163,158,158,159,152,155,176,168,143,144,151,147,143,149,145,146,144,143,152,145,135,135,143,146,142,144,147,142,145,153,150,144,147,140,141,148,141,144,151,146,157,146,146,147,150,152,147,144,145,151,156,157,153,151,156,152,148,153,157,153,151,154,148,152,158,125,94,119,150,143,131,136,137,145,142,150,145,136,142,144,140,137,137,140,143,146,146,146,148,148,149,142,146,143,145,142,146,141,145,144,142,142,139,140,139,134,140,146,147,131,131,140,137,134,134,137,140,140,134,136,140,136,139,141,
117,160,151,148,152,153,158,156,145,148,158,152,154,146,157,136,141,172,156,150,160,157,156,161,156,147,149,155,157,158,153,148,149,156,164,154,156,158,153,159,158,158,155,152,143,154,161,160,160,152,154,161,155,152,160,160,154,155,156,153,150,154,156,150,143,153,154,148,152,166,160,153,159,153,155,160,128,97,110,153,163,150,145,144,150,156,148,137,136,145,140,138,150,149,145,147,140,142,145,139,131,147,140,140,141,140,145,147,135,150,149,140,142,145,139,133,135,136,144,142,135,135,140,143,134,135,136,143,142,134,128,135,129,137,136,
139,158,154,158,158,150,156,187,174,142,143,159,160,153,157,151,155,163,144,145,167,164,160,160,159,162,159,161,160,163,160,172,165,152,155,162,156,156,158,164,159,157,158,162,156,155,152,159,165,156,152,155,157,159,162,159,155,156,168,162,147,151,153,147,150,160,153,149,156,153,146,146,149,151,162,153,125,107,124,155,156,144,148,147,147,150,137,130,149,151,134,137,147,144,142,147,142,144,142,137,148,150,142,141,143,140,142,149,153,150,151,149,144,145,141,139,144,140,144,140,143,142,142,143,136,140,142,143,136,134,133,138,136,142,118,
167,175,165,171,173,152,148,156,154,151,152,148,153,166,166,154,149,155,145,153,160,160,159,160,154,164,162,160,161,167,167,156,152,152,156,160,152,151,159,161,158,157,155,159,163,156,151,154,157,151,154,160,157,154,158,154,161,142,152,160,155,150,152,157,155,148,148,153,148,146,156,151,150,171,169,144,129,122,136,156,152,145,148,150,145,153,144,137,140,142,140,144,150,147,143,145,150,153,150,139,128,138,152,147,143,143,144,144,141,140,148,149,151,142,143,136,151,143,148,144,146,143,143,142,142,141,142,143,140,136,136,134,129,142,122,
143,177,157,156,154,155,163,164,153,153,166,164,153,155,161,155,163,158,146,157,168,159,158,160,157,155,164,163,163,162,164,158,151,156,163,158,152,156,156,153,156,156,156,160,158,153,152,153,155,150,159,158,155,148,157,158,160,156,159,155,155,152,155,163,160,146,141,148,148,146,148,147,150,165,151,134,141,142,138,149,150,141,151,154,145,140,143,143,137,128,132,140,145,145,142,140,149,150,149,146,137,143,151,144,127,137,151,143,133,141,142,143,140,135,143,145,150,142,144,142,136,138,144,143,139,138,137,134,139,140,144,139,134,135,140,
135,171,157,156,147,155,161,159,155,156,158,166,140,145,153,150,142,146,143,159,168,159,160,166,160,155,166,169,162,158,159,160,156,158,158,148,156,161,158,154,158,155,145,167,159,153,153,159,155,158,161,158,151,148,155,160,158,152,149,150,152,157,159,153,160,152,142,146,153,152,144,142,146,147,149,140,143,145,123,138,162,151,143,147,146,147,138,138,146,142,131,132,144,148,139,137,144,133,138,146,150,146,135,140,136,139,150,141,122,134,144,137,141,144,142,144,146,141,138,139,134,133,141,135,133,144,135,122,127,132,140,135,138,138,141,
140,162,165,160,158,155,151,151,160,166,148,152,170,161,149,144,153,153,143,153,169,167,162,155,154,160,165,159,160,166,161,160,146,156,158,153,162,160,153,158,161,155,154,159,158,160,157,151,157,161,154,151,152,154,156,155,157,155,152,145,142,148,140,143,154,149,148,149,149,150,152,147,147,154,156,149,148,138,124,142,156,152,156,150,142,143,137,140,148,139,135,136,139,135,136,145,145,144,143,144,149,145,135,139,146,145,147,142,138,149,150,140,135,138,142,145,140,129,132,148,137,129,138,137,127,140,136,141,145,133,129,133,137,147,125,
139,158,157,159,168,166,153,155,160,159,154,148,139,149,161,146,137,158,149,155,161,168,159,159,156,167,162,157,161,165,159,159,155,160,161,161,165,158,149,155,163,158,158,158,157,160,161,159,163,160,159,153,158,158,153,158,153,161,160,154,142,154,161,153,151,149,153,156,153,151,150,148,152,158,154,146,146,138,127,146,153,142,148,152,146,145,139,146,152,145,141,142,144,143,139,147,153,147,140,145,146,145,145,142,143,150,149,139,138,142,144,137,139,144,147,148,135,135,135,142,153,146,143,147,142,135,135,145,146,141,135,134,136,145,127,
128,168,153,156,164,161,151,154,160,159,157,160,172,158,158,152,141,154,147,162,168,167,154,152,155,164,159,160,160,158,154,155,159,162,167,160,152,157,158,158,161,160,153,152,156,162,162,160,155,155,160,154,161,161,151,153,154,158,154,154,152,155,149,146,149,153,152,153,153,147,148,155,153,151,155,146,139,139,135,147,151,142,143,148,145,141,142,143,142,137,136,140,146,149,141,146,159,151,138,143,144,142,150,148,136,149,145,140,148,143,142,143,140,147,149,147,143,142,140,139,139,138,142,146,141,137,139,139,140,142,140,134,137,137,138,
124,174,166,158,160,166,162,155,152,145,150,158,154,150,154,155,140,148,148,160,165,158,155,161,159,153,152,149,143,155,158,153,149,154,157,148,153,162,166,159,159,161,160,152,146,158,165,158,141,156,154,144,155,161,156,156,157,150,161,161,148,156,155,152,141,149,155,151,154,153,148,150,153,150,147,145,138,139,148,150,146,146,148,146,138,141,145,139,138,146,150,143,152,149,134,145,147,133,137,138,140,137,145,147,129,129,134,131,130,131,138,143,140,132,130,135,140,130,131,137,141,141,137,139,125,135,136,134,125,130,133,133,138,135,132,
141,154,159,154,167,168,167,161,160,154,152,161,162,152,154,160,156,150,145,158,167,156,157,160,157,159,155,159,150,155,157,155,152,156,156,151,153,157,153,148,149,153,158,152,151,153,154,158,161,161,152,143,144,155,153,144,155,144,157,160,142,160,158,146,142,136,140,163,165,164,158,150,150,154,151,147,142,134,134,145,146,146,148,142,137,143,141,143,141,133,124,129,137,146,141,139,144,138,135,137,139,141,137,136,147,146,129,122,126,138,137,137,131,128,131,131,134,126,125,142,134,131,134,139,135,132,128,140,135,134,134,132,127,143,122,
140,158,148,149,159,153,155,159,160,158,157,159,159,153,154,156,159,152,137,157,165,150,155,159,166,160,156,156,151,153,153,163,167,157,152,165,168,156,147,152,150,145,150,152,149,142,146,146,144,153,148,148,150,151,148,149,151,150,148,140,143,152,145,135,144,137,137,150,156,155,159,154,144,151,156,155,154,154,135,137,144,135,133,136,139,136,126,134,131,130,131,135,133,135,135,134,141,143,144,140,137,139,142,144,146,145,146,145,152,142,144,148,145,150,151,143,146,144,135,151,146,144,143,149,158,148,140,143,143,144,146,144,143,149,135,
130,166,143,146,148,151,151,149,151,152,153,153,148,149,154,155,143,147,138,163,166,149,151,153,155,155,152,146,138,141,149,149,142,140,139,146,158,155,145,149,157,150,142,154,163,138,136,145,139,149,155,150,145,152,157,156,154,160,156,146,146,151,152,153,153,151,147,148,149,149,157,153,149,149,146,151,166,171,149,151,158,155,152,151,149,153,153,142,135,141,149,156,154,155,154,149,153,163,168,160,152,156,166,164,156,155,156,156,167,158,154,150,141,138,134,128,142,158,156,150,153,152,146,146,152,156,151,135,131,136,142,143,141,135,139,
124,161,148,147,148,147,149,149,150,147,144,143,145,146,153,161,158,162,154,165,162,155,158,156,156,163,163,155,150,155,162,158,152,156,155,146,147,149,156,161,162,161,154,140,144,163,162,152,158,161,157,158,161,159,162,161,156,158,165,156,151,159,159,161,158,158,160,172,151,151,154,150,155,155,150,153,158,155,146,150,160,165,159,144,134,147,156,142,139,144,145,153,152,148,143,147,149,148,160,165,159,146,150,146,147,142,141,139,140,138,135,136,136,137,130,119,124,140,140,142,136,131,139,136,122,129,145,134,125,120,131,136,137,137,121,
153,161,157,163,172,162,161,168,172,168,154,151,166,163,153,159,171,173,164,166,172,173,162,157,171,173,170,171,173,172,173,171,173,172,172,169,172,159,166,181,175,173,171,169,186,189,182,188,190,166,145,156,164,160,159,162,158,150,154,156,155,153,155,153,152,156,155,146,147,148,144,141,149,155,150,140,142,146,144,141,146,149,147,139,122,128,142,152,148,149,142,147,144,142,141,142,142,140,142,145,138,121,117,123,132,132,127,130,133,135,133,133,134,137,134,132,137,128,119,136,143,133,128,133,112,120,138,138,132,135,135,134,140,149,115,
147,164,159,163,164,161,160,166,172,170,165,162,158,145,144,154,159,156,158,157,151,159,151,153,157,148,157,165,156,147,154,156,151,152,154,153,148,150,152,150,156,162,163,163,164,165,164,167,164,159,140,151,146,150,145,153,152,149,155,156,149,148,152,147,146,158,164,161,155,153,155,156,155,155,149,154,160,154,140,139,146,149,155,156,141,140,146,171,169,166,150,154,151,156,158,146,142,148,154,143,124,124,139,129,130,134,132,133,132,135,135,134,131,137,134,136,149,139,126,130,140,137,133,130,123,121,125,132,137,137,132,132,135,141,126,
126,165,146,151,149,149,152,153,150,155,153,147,144,157,158,150,154,148,156,157,147,143,148,151,159,159,158,156,148,137,137,146,155,146,144,148,156,159,151,140,136,132,144,161,158,159,158,169,163,162,157,160,158,153,144,150,158,151,152,157,154,151,151,153,163,163,161,153,143,153,155,153,149,153,152,155,162,159,151,155,155,155,153,151,152,153,151,156,165,165,152,150,148,153,156,149,145,146,145,139,126,128,139,126,126,132,142,136,129,134,134,130,133,140,138,135,132,131,137,130,124,122,126,122,108,115,137,140,134,123,132,131,136,133,135,
139,163,158,167,163,160,152,156,144,161,162,147,142,160,156,150,152,152,159,162,161,162,157,151,150,157,164,159,152,153,146,153,159,152,157,152,161,161,162,142,128,130,136,168,164,151,158,159,153,163,166,151,146,160,159,151,153,149,146,155,155,151,151,152,157,154,145,146,149,153,148,145,154,151,151,152,158,159,156,153,156,159,152,143,144,152,151,152,156,154,149,146,142,147,152,151,159,147,148,152,127,123,143,139,131,130,136,137,136,141,136,131,136,132,126,137,128,129,135,133,124,126,137,125,109,122,152,156,134,116,136,133,124,131,120,
158,160,160,167,172,161,155,161,164,166,161,161,163,161,153,161,166,159,156,167,168,149,145,154,152,149,160,161,162,154,161,161,153,150,154,153,157,155,161,154,139,128,137,164,165,151,153,154,150,156,158,152,150,161,160,150,153,159,158,150,160,158,154,155,166,156,142,151,161,159,151,148,151,152,151,150,156,161,156,153,155,158,150,143,140,147,150,156,150,143,146,145,145,148,138,145,167,155,148,145,129,121,139,144,136,134,137,137,136,138,137,139,141,136,130,141,137,136,129,142,137,131,130,131,118,115,140,152,132,128,140,137,127,140,117,
143,164,159,167,168,160,154,160,167,163,166,164,157,164,171,167,154,150,161,163,166,161,165,156,152,153,167,157,160,152,158,157,149,146,146,153,157,152,153,159,147,128,136,170,170,154,156,149,155,157,146,145,160,152,156,154,152,157,161,157,149,148,152,154,157,156,151,152,155,152,150,151,149,151,157,154,153,160,155,155,149,154,150,141,144,144,150,152,150,147,145,139,145,143,132,142,158,156,145,138,135,132,145,144,137,138,147,138,132,138,139,139,149,141,138,133,139,133,128,135,143,137,132,131,120,118,137,138,128,133,141,137,120,130,126,
132,178,159,155,153,157,165,165,159,154,165,158,148,152,163,158,159,166,166,155,153,155,158,156,149,149,163,164,155,152,154,154,154,155,148,149,156,149,151,153,139,140,135,166,168,148,161,148,149,151,145,145,158,155,157,154,150,152,153,154,152,148,146,149,149,152,154,154,151,150,143,151,153,150,148,151,134,151,156,145,139,143,147,152,149,144,149,147,144,143,145,149,149,141,136,139,152,151,141,137,136,127,153,139,141,137,143,144,142,144,138,136,146,144,140,136,139,137,134,133,139,139,133,128,117,116,136,134,130,137,133,133,119,130,130,
145,169,148,146,142,154,157,151,151,151,159,159,162,160,142,145,167,162,153,156,154,152,156,159,154,146,147,163,163,149,155,160,146,145,155,145,139,147,161,152,147,153,131,147,157,153,156,157,154,147,151,155,153,153,157,150,137,144,151,153,150,151,143,150,149,151,152,152,140,157,151,149,159,158,139,143,151,150,150,148,142,138,146,157,149,141,143,153,152,135,143,149,151,141,140,146,152,148,143,145,130,120,150,150,145,137,140,152,157,149,139,136,139,140,137,139,142,140,134,130,139,137,131,137,116,93,115,139,134,123,124,131,129,137,119,
161,167,145,152,156,159,161,164,156,152,151,157,168,166,152,155,165,158,159,161,151,149,153,160,152,149,150,157,160,157,156,156,153,150,159,154,150,153,156,154,153,141,132,146,158,152,146,154,159,155,153,154,150,150,153,151,151,151,151,159,162,150,148,159,143,146,151,151,140,149,152,143,146,154,149,147,151,151,147,151,160,155,152,152,154,148,138,142,142,142,146,151,143,141,143,154,156,155,153,135,114,119,158,172,150,138,135,141,152,143,131,129,135,136,131,135,140,139,141,134,146,143,140,141,114,113,146,154,130,116,127,135,132,143,120,
151,180,154,157,166,162,156,160,162,157,157,157,160,162,160,158,157,151,159,165,151,146,149,157,154,151,156,154,149,154,150,155,153,146,149,153,151,146,153,157,149,130,140,161,158,149,146,151,152,152,149,154,156,149,150,150,151,148,143,150,162,146,144,155,158,153,150,151,153,151,138,141,150,142,148,157,158,152,153,156,159,153,155,152,143,154,149,136,145,156,149,148,148,148,151,155,154,159,157,138,114,125,144,130,133,142,141,130,142,139,133,137,133,131,133,132,136,137,133,140,142,137,136,131,116,127,149,142,122,130,149,141,133,138,137,
134,177,160,159,159,157,151,162,159,161,164,150,145,150,164,154,144,153,161,166,170,165,151,150,152,146,153,155,145,141,157,169,158,145,152,154,146,147,155,155,144,132,145,165,156,157,160,150,149,159,149,150,163,154,150,151,149,141,139,140,142,146,145,147,147,151,149,152,148,150,144,155,168,146,142,150,160,157,154,159,147,148,155,159,165,163,162,158,154,157,160,150,143,148,154,156,151,144,142,138,118,119,140,139,137,127,134,133,139,138,135,132,130,123,130,139,135,132,140,141,132,125,130,137,122,123,132,128,121,127,139,130,126,129,132,
140,158,167,167,151,162,148,150,156,163,164,150,139,144,165,155,146,159,164,159,162,158,152,151,156,152,144,152,153,133,126,162,162,136,160,168,136,145,154,162,148,142,150,163,154,153,159,154,150,152,150,149,154,162,165,156,141,150,158,149,152,159,149,148,141,158,153,151,133,139,151,151,151,151,142,148,166,160,153,156,152,152,157,155,151,162,162,155,145,157,162,150,139,150,149,156,158,133,134,153,153,124,131,154,145,124,127,138,142,135,130,134,135,129,125,134,134,130,130,130,137,129,132,149,138,121,125,130,129,128,125,119,120,133,116,
150,164,162,149,148,158,148,158,157,153,149,149,153,154,151,155,162,155,147,154,151,141,140,148,156,151,153,153,144,145,157,157,147,152,152,151,138,141,143,152,156,147,143,153,154,149,148,153,162,156,143,153,148,139,158,158,140,140,150,154,166,161,144,139,154,149,155,154,150,149,149,143,141,149,152,146,147,151,154,154,150,154,155,152,152,159,149,144,163,164,157,155,153,163,158,151,145,148,158,167,169,158,153,153,148,147,151,159,160,151,144,145,152,146,145,146,151,144,153,161,150,147,155,166,155,138,149,151,142,142,145,144,139,152,132,
139,171,156,161,162,155,150,150,150,147,148,152,155,163,164,153,159,147,148,156,156,146,145,149,149,157,152,153,149,144,142,143,138,139,137,142,147,137,127,138,156,159,151,148,154,156,155,152,155,144,142,155,162,144,153,156,150,149,150,152,159,157,150,146,155,156,153,154,158,158,153,146,152,161,161,154,152,151,154,152,150,156,155,158,160,158,145,153,161,158,150,151,159,158,154,160,163,159,158,158,152,153,152,147,143,151,151,150,144,152,151,136,125,139,147,146,145,143,146,139,134,137,138,135,134,134,127,126,135,136,133,130,133,135,121,
125,154,142,146,148,151,150,152,151,154,155,150,144,146,145,150,158,154,163,155,145,147,158,151,146,153,147,150,153,148,147,146,141,146,156,155,144,153,157,153,155,169,173,158,151,159,160,157,155,161,168,154,154,157,159,154,155,160,157,150,155,160,158,161,147,149,148,149,160,161,156,150,160,161,159,152,156,153,154,145,133,138,150,151,141,139,139,140,140,140,142,140,135,130,140,139,124,135,133,133,132,135,143,138,135,145,140,134,129,137,143,137,139,139,139,136,132,137,147,145,126,126,126,128,130,132,135,137,137,131,135,131,126,125,128,
143,153,151,156,161,159,148,147,145,158,157,145,149,145,147,157,148,166,182,153,135,140,145,151,148,138,145,152,141,145,149,142,141,132,162,150,132,139,154,148,150,140,132,143,146,148,146,146,151,144,128,142,154,151,139,141,147,154,156,153,158,145,135,154,134,137,151,148,149,145,151,154,146,144,150,141,135,143,154,148,131,129,147,151,138,140,146,144,141,142,146,141,151,139,146,148,134,140,140,139,130,140,151,152,155,151,146,146,134,133,143,150,149,144,142,147,141,140,146,150,134,138,134,141,141,137,140,143,140,133,137,136,133,141,126,
151,160,153,151,159,160,150,145,152,152,148,146,149,157,162,150,138,151,163,164,159,141,151,158,157,142,151,158,151,154,172,161,155,133,155,171,156,145,153,157,152,148,149,150,153,160,157,148,152,155,149,162,160,157,134,140,157,140,150,158,158,143,138,149,142,141,148,150,149,146,148,150,149,142,137,148,151,139,134,148,139,148,147,144,148,154,153,153,142,146,149,145,142,140,149,149,143,147,147,148,157,156,151,153,152,147,147,144,148,145,142,148,152,154,147,140,146,149,147,146,153,142,138,137,139,140,140,135,132,136,139,134,131,147,129,
138,169,153,156,160,156,152,154,156,152,147,152,154,153,160,172,154,135,137,157,157,137,141,146,152,149,147,153,158,155,153,147,149,150,157,157,156,155,153,148,148,152,161,163,159,157,154,149,151,156,150,147,152,151,146,145,158,149,142,149,158,153,150,160,162,143,134,144,139,138,143,142,141,141,148,153,167,145,120,146,139,134,143,141,139,143,146,146,144,146,149,148,146,148,153,151,146,144,144,146,146,150,148,148,150,146,144,145,151,142,142,146,150,150,147,149,147,149,146,144,147,140,141,144,139,138,139,141,140,139,148,146,141,133,135,
127,170,159,156,156,155,158,158,155,150,153,162,168,151,144,151,156,132,129,158,155,145,160,162,144,145,148,146,152,152,147,148,145,151,167,162,147,152,160,153,140,144,152,153,152,154,153,150,151,154,147,153,151,154,152,147,149,148,144,151,156,147,149,156,162,149,146,145,139,153,152,145,150,155,146,140,155,143,129,144,142,143,148,146,142,146,149,145,146,150,150,150,144,141,153,151,142,143,147,148,148,145,143,146,151,150,145,142,139,143,148,150,150,145,142,147,150,145,137,135,137,143,140,138,143,139,134,142,139,136,149,157,143,131,133,
134,159,158,158,145,151,156,157,161,146,156,166,155,149,147,166,172,139,130,155,153,142,159,160,151,154,153,153,158,159,145,144,154,154,159,159,150,148,154,154,140,145,158,157,150,148,147,156,159,152,158,165,154,154,160,157,146,151,154,161,158,137,148,152,146,146,150,147,143,144,136,138,148,147,146,142,142,139,144,147,140,139,144,144,144,151,154,147,149,146,146,152,145,127,149,145,129,143,150,143,131,142,143,146,147,150,149,139,141,150,151,145,149,149,144,146,154,144,129,132,133,145,139,131,144,140,135,131,133,136,142,141,136,146,125,
158,163,151,164,162,153,152,153,157,155,159,151,142,146,157,172,169,143,119,160,168,143,147,159,160,160,154,145,148,156,156,159,167,162,143,146,151,149,154,156,153,152,150,151,153,145,142,155,169,151,143,151,153,150,144,153,145,149,148,157,156,142,150,154,145,151,157,153,150,141,131,139,148,148,151,152,148,135,133,141,139,144,147,145,143,145,149,141,139,143,149,149,144,145,145,145,147,143,145,148,149,149,144,144,143,146,150,142,141,144,151,143,146,143,148,145,151,142,131,141,146,141,138,133,139,140,131,131,139,138,135,137,139,150,130,
138,164,149,162,165,158,151,153,152,150,155,158,140,141,158,168,167,151,112,156,168,155,147,156,159,162,158,158,157,149,148,155,162,160,150,154,159,151,151,156,153,150,151,165,161,144,134,142,162,152,142,149,156,155,156,155,150,150,149,151,156,153,149,149,149,143,138,146,152,150,144,150,152,151,152,151,152,133,128,140,146,135,128,144,150,147,139,139,142,147,149,145,147,148,144,145,145,145,152,148,131,135,148,147,142,142,147,144,139,141,150,146,142,142,149,149,148,139,134,142,147,141,137,134,137,141,131,138,149,143,138,138,140,140,145,
130,167,156,158,165,162,153,151,157,150,148,160,156,146,159,164,165,146,127,157,167,155,150,157,165,163,156,157,154,150,158,167,157,152,150,150,164,149,147,156,155,151,148,154,164,154,156,154,146,149,150,154,155,152,148,148,151,153,144,145,153,159,154,152,143,144,146,143,133,148,146,149,152,150,145,144,144,141,144,145,145,149,147,141,146,146,144,145,146,146,146,146,144,138,146,147,144,141,148,147,150,146,157,145,142,148,145,144,138,140,146,143,136,139,145,142,132,139,149,146,139,138,139,144,132,135,138,134,139,144,137,133,136,141,138,
154,168,161,151,155,165,153,152,158,154,149,153,146,146,157,161,149,125,128,160,166,152,156,158,150,154,151,154,150,152,161,168,152,150,157,161,161,152,146,148,149,154,156,154,153,154,161,160,148,147,156,156,151,151,154,153,148,154,150,149,145,153,150,156,142,136,139,147,131,139,150,146,152,156,149,146,149,138,138,141,135,141,139,136,139,143,148,146,147,146,151,149,141,130,146,147,140,144,141,142,148,147,148,143,141,142,142,138,136,143,145,140,142,141,141,141,142,151,157,148,145,138,135,138,127,130,136,132,144,145,132,134,137,148,120,
149,171,161,155,157,159,152,155,157,153,151,153,158,154,152,159,147,123,112,165,171,159,160,168,157,158,154,149,165,161,156,154,157,153,159,161,157,156,155,153,152,154,159,157,151,155,162,160,153,150,155,149,148,147,151,153,147,150,148,147,151,150,151,149,148,147,146,150,152,147,135,136,152,157,150,140,123,130,140,147,144,142,137,142,145,142,138,143,146,147,147,149,147,147,144,139,145,148,144,139,142,147,145,143,147,147,140,133,136,146,145,138,141,142,141,135,138,137,138,141,139,136,132,133,134,133,130,135,141,135,125,130,138,147,124,
131,181,163,160,159,154,156,162,155,152,155,159,150,147,157,164,176,133,95,166,167,164,159,163,149,153,157,153,159,157,153,151,147,148,155,159,155,153,153,151,149,152,153,152,146,158,165,153,145,148,154,156,151,144,156,150,143,145,151,153,146,142,157,159,146,145,155,150,139,142,149,151,151,145,161,137,94,93,137,151,151,154,139,136,147,146,142,145,145,145,144,143,146,145,136,134,146,144,140,139,139,142,142,143,148,149,148,141,129,133,142,143,137,140,140,137,135,135,136,139,141,145,144,140,147,142,136,144,140,136,142,140,142,143,146,
130,171,155,156,155,151,151,155,166,159,149,149,150,153,151,156,171,128,96,142,170,167,149,140,143,150,149,148,150,146,144,150,153,145,152,146,152,143,143,145,144,149,150,151,145,148,158,146,130,136,138,138,141,140,145,143,141,142,149,149,140,140,135,137,142,143,144,137,139,140,145,148,152,155,154,150,141,137,144,143,147,144,143,149,151,144,143,146,149,152,149,145,139,141,151,157,154,153,153,152,154,157,159,152,153,155,156,152,146,152,154,152,154,158,156,152,152,159,163,160,164,165,167,154,153,150,149,153,158,156,164,163,150,149,145,
144,148,148,146,152,164,151,140,146,151,146,143,150,146,138,139,153,156,141,143,148,152,154,141,134,143,147,143,135,145,150,153,146,150,163,149,140,147,148,146,152,159,165,164,153,151,155,159,155,153,161,172,160,157,157,161,167,158,162,163,171,167,165,176,172,174,173,189,186,170,167,165,162,164,176,183,174,162,160,163,159,161,167,171,166,164,173,160,158,164,163,160,147,155,158,163,159,159,159,157,158,157,156,159,155,158,166,158,149,153,157,154,151,159,161,158,141,153,178,159,113,115,167,160,134,140,150,151,148,142,148,148,126,145,130,
151,172,174,170,170,168,170,168,165,162,165,164,165,173,168,146,163,188,191,183,188,189,185,174,174,174,168,167,189,169,169,181,172,179,173,175,176,178,168,167,183,176,160,162,171,170,167,176,173,177,175,177,171,173,171,167,171,165,168,172,173,171,167,176,186,184,167,166,177,171,158,156,156,159,161,161,162,158,154,153,151,160,162,160,158,160,160,151,159,161,159,159,161,162,155,151,153,156,157,161,158,140,148,168,161,148,156,159,153,157,159,159,153,161,165,159,125,143,177,146,79,109,169,173,153,152,152,147,149,147,146,145,151,162,140,
149,208,185,183,190,188,178,181,184,178,184,174,166,173,175,160,172,187,188,175,168,166,178,176,163,167,173,168,169,165,165,162,157,160,159,155,158,165,169,167,161,160,136,128,150,169,162,172,168,178,171,164,155,159,163,155,151,152,156,160,158,160,166,163,161,167,169,166,160,158,161,152,151,155,159,153,149,155,155,150,149,156,155,148,148,153,157,159,159,159,156,155,161,160,161,160,155,159,167,163,165,146,147,166,178,159,158,158,157,152,157,158,157,158,159,156,143,152,165,147,124,134,155,168,158,151,148,146,149,146,149,147,147,142,150,
144,171,156,170,171,175,161,156,156,143,154,157,127,123,162,172,150,149,156,159,159,160,167,163,160,166,164,159,158,158,161,154,151,160,158,164,160,158,157,168,166,157,133,139,152,166,157,158,166,172,167,157,156,156,157,160,160,155,154,158,156,159,169,174,160,163,163,160,164,159,166,159,166,157,155,154,150,154,157,157,158,157,155,155,149,152,158,157,154,158,159,154,159,155,154,153,154,147,148,152,149,134,141,159,171,157,156,155,155,151,150,152,154,151,151,150,151,151,151,147,132,142,152,156,154,151,146,150,146,146,147,146,142,146,138,
167,160,156,169,154,162,166,157,154,159,156,157,139,150,175,180,161,155,155,161,162,161,168,160,157,160,160,159,170,162,156,155,159,173,156,161,160,160,154,155,168,165,148,147,143,148,158,151,147,155,165,160,158,156,159,160,167,165,158,165,171,167,159,166,160,165,170,168,162,164,161,162,171,164,154,155,161,158,154,154,163,157,154,157,151,152,162,159,157,159,159,158,155,156,150,150,153,151,159,158,135,119,137,159,155,144,148,153,152,147,144,150,157,152,147,143,151,144,145,144,138,142,145,151,158,152,144,149,144,142,149,146,137,158,130,
158,178,159,159,160,168,169,170,170,165,172,168,141,134,161,167,158,157,159,160,172,160,159,159,155,160,165,160,156,160,156,152,158,161,155,154,158,162,162,154,149,154,151,141,135,158,160,154,154,148,155,156,161,159,159,154,152,158,162,160,149,156,158,158,159,162,165,163,163,164,162,161,160,166,167,164,169,161,160,159,170,163,161,160,172,160,171,171,156,159,167,159,149,151,152,152,151,151,156,156,141,143,156,151,144,142,149,145,148,145,146,151,150,146,143,142,149,150,144,142,137,132,142,153,150,148,149,145,143,143,146,146,140,144,132,
138,185,167,174,169,168,167,173,172,167,178,171,136,150,178,167,159,161,161,162,167,161,161,165,171,167,170,169,174,180,172,165,159,156,159,161,167,173,167,162,154,159,131,132,151,177,165,153,160,159,153,158,154,153,156,153,152,158,163,162,152,149,162,167,162,163,163,160,161,160,162,166,155,160,162,157,157,157,166,166,162,166,162,157,167,158,154,155,153,153,155,151,151,151,148,149,143,146,151,153,143,156,156,142,142,145,147,141,146,145,143,148,143,144,147,144,141,143,144,141,131,132,149,155,144,142,148,143,141,143,138,139,141,142,143,
145,179,175,184,170,172,166,168,171,166,172,171,136,142,172,180,165,169,175,172,168,172,174,171,169,167,167,163,167,171,169,169,167,159,162,166,159,158,156,163,162,157,129,138,150,161,165,159,152,154,158,153,147,153,158,151,151,154,156,155,153,144,159,159,158,161,162,157,165,162,163,160,152,159,165,171,163,158,155,157,165,165,161,154,147,149,149,150,152,148,148,153,156,146,140,146,144,149,158,151,144,147,136,139,147,146,143,142,142,143,143,141,142,149,150,145,145,145,144,145,143,147,152,151,153,144,148,145,145,148,144,147,148,148,131,
161,168,173,165,166,167,166,166,170,167,166,161,151,154,166,169,157,148,148,164,169,155,148,164,163,167,159,154,160,162,161,162,165,162,160,162,160,155,151,154,155,151,144,150,153,151,158,165,156,154,160,153,147,152,157,147,159,151,155,158,143,153,160,159,155,161,164,161,157,167,167,159,163,170,166,154,154,161,155,160,172,168,157,155,159,161,160,158,153,158,158,156,161,155,146,150,157,156,153,151,162,163,155,153,158,160,153,151,156,157,156,149,159,154,155,158,163,158,155,155,149,140,161,160,156,153,151,145,144,137,150,159,148,166,143,
146,176,164,161,163,164,161,162,166,168,166,159,154,155,174,169,160,165,160,159,167,160,159,162,158,154,151,158,165,169,165,166,170,162,157,167,172,159,155,163,161,150,155,166,159,154,160,160,150,157,169,160,165,158,166,162,162,162,167,167,171,173,172,170,167,168,169,166,169,170,170,167,165,165,175,167,153,158,162,162,166,168,165,166,171,165,161,162,159,158,157,158,154,151,157,164,164,153,146,148,154,159,156,155,149,156,157,154,148,145,152,148,151,139,148,144,137,132,133,144,140,131,146,150,129,124,123,118,113,111,122,124,114,101,106,
136,181,159,161,167,165,161,163,172,165,156,160,159,142,153,172,170,165,162,169,169,166,160,154,159,162,160,163,171,170,163,167,163,160,169,164,165,169,166,165,166,169,162,162,160,153,158,155,157,162,154,146,164,166,156,154,161,159,156,155,153,147,145,148,152,146,143,142,143,131,132,157,156,136,126,139,149,132,129,132,126,129,127,117,119,118,110,107,109,113,111,100,98,103,100,129,160,155,118,87,102,108,93,95,96,104,91,86,93,88,78,86,96,91,85,80,82,80,80,104,135,153,134,94,83,80,76,79,81,70,78,79,88,70,84,
147,169,165,159,157,165,170,164,162,153,169,167,142,141,162,156,146,150,153,146,151,152,147,147,144,139,133,139,128,129,123,124,128,130,129,119,114,115,115,118,116,108,110,109,99,112,138,159,148,100,84,99,96,92,99,99,91,91,105,102,85,75,91,90,92,87,91,95,85,85,88,140,166,117,48,42,72,89,81,68,68,83,86,83,79,78,76,82,77,75,84,85,75,78,65,109,153,164,115,62,74,76,74,76,77,77,82,89,82,75,84,92,86,82,93,95,81,75,67,74,127,169,145,87,63,68,85,84,79,75,78,82,82,84,68,
131,109,130,136,115,118,129,127,117,112,113,109,97,97,98,91,95,99,89,81,82,118,155,167,123,65,41,97,79,81,85,84,84,88,90,85,78,79,84,84,83,82,84,80,66,73,117,172,149,59,59,88,88,82,85,88,85,91,89,80,92,93,91,88,79,105,92,93,93,85,83,126,170,127,41,41,89,95,77,84,88,84,82,84,81,82,79,85,90,74,82,88,82,83,76,112,163,171,114,46,39,66,77,77,81,80,80,85,79,79,82,75,80,81,80,85,89,87,71,71,120,152,155,100,53,61,79,80,79,82,87,85,74,78,67,
97,80,61,71,83,87,80,81,91,95,94,91,83,82,89,87,87,91,97,92,44,113,176,176,118,55,47,91,88,92,96,91,90,98,96,87,85,94,97,91,90,95,91,89,70,65,97,172,152,70,78,105,99,90,89,95,94,98,94,90,91,91,97,99,94,92,93,99,100,92,87,117,170,131,54,52,73,92,82,90,83,87,89,89,86,84,88,84,85,82,84,87,92,92,81,85,136,173,127,54,48,72,88,80,78,84,86,79,80,86,89,81,80,80,79,82,82,88,73,66,101,139,148,104,49,49,76,78,75,74,72,74,65,68,72,
82,82,76,91,84,90,102,87,95,96,96,87,88,86,91,95,96,95,96,80,60,96,165,177,123,66,55,91,99,85,81,89,93,92,91,93,96,96,96,94,94,92,87,92,76,72,89,161,147,82,63,100,105,97,93,96,98,94,95,97,91,93,99,97,104,101,95,95,97,89,94,102,176,137,59,40,62,93,78,79,79,82,78,74,82,81,77,82,88,85,76,80,80,75,66,60,113,161,146,82,61,58,82,78,85,75,74,87,81,78,80,86,79,72,76,79,77,78,66,54,71,117,147,138,82,47,65,70,75,78,74,68,77,77,74,
90,74,84,124,92,96,109,86,99,95,96,94,89,92,93,92,97,96,98,94,78,93,150,172,131,77,53,97,94,83,84,93,83,84,89,91,84,87,89,83,83,87,84,73,67,77,101,150,163,113,62,63,92,98,88,81,88,91,87,84,85,97,91,91,86,93,94,92,88,91,94,100,172,162,85,32,38,72,84,83,74,81,83,60,70,78,82,76,71,89,80,71,68,79,85,58,96,135,141,105,73,60,82,78,78,88,86,78,82,91,86,76,82,91,88,78,94,93,91,89,82,103,136,155,120,75,89,100,96,103,109,102,105,115,103,
81,49,57,91,80,85,83,83,80,75,83,83,73,80,86,85,84,78,84,84,65,82,141,180,157,97,50,84,93,88,88,96,97,90,88,89,88,84,79,85,94,86,71,82,92,81,88,143,179,118,57,78,103,85,88,99,101,95,103,110,90,86,101,110,94,96,112,116,108,108,108,120,159,163,119,84,97,116,113,110,120,127,124,124,128,126,121,129,130,122,114,124,134,129,130,134,136,139,141,138,125,97,110,130,127,115,112,122,125,111,111,124,110,110,116,86,119,103,117,112,95,92,116,130,120,81,75,87,90,93,89,88,85,91,76,
87,74,60,75,81,95,96,87,82,85,78,68,77,87,78,77,82,84,82,85,81,82,123,184,189,125,68,87,103,104,109,117,114,113,111,108,113,117,121,120,118,128,139,134,131,140,131,130,166,138,119,126,124,141,143,128,133,151,150,134,126,135,134,124,124,130,130,123,123,128,117,115,139,145,144,129,106,109,118,97,121,123,116,125,124,122,111,118,114,108,107,112,102,98,109,101,98,123,155,143,83,61,79,89,85,85,80,77,82,81,75,72,72,79,85,78,79,78,75,69,76,70,77,125,156,108,39,27,63,72,61,63,66,68,66,
135,136,108,137,153,135,140,151,139,121,123,136,129,115,115,126,123,116,124,130,125,108,99,129,167,162,113,71,94,105,97,97,99,96,92,99,106,99,94,94,95,93,84,87,97,99,84,89,125,171,128,66,62,74,70,75,85,81,80,90,93,91,93,99,92,89,89,95,94,85,91,86,106,140,173,146,49,28,84,89,81,84,84,85,89,83,82,86,83,84,85,80,85,89,82,82,81,84,142,170,169,77,47,76,78,71,71,79,79,79,75,77,87,78,74,82,80,77,77,79,76,70,65,83,161,155,103,62,63,70,73,76,69,73,74,
169,129,67,53,100,98,101,87,88,95,92,88,82,96,103,93,90,99,93,87,102,105,101,116,152,171,119,62,91,97,94,88,94,91,89,93,91,87,91,93,84,89,93,90,86,94,89,77,97,163,163,81,39,74,89,74,72,82,89,85,79,88,91,92,85,91,90,85,88,90,94,84,77,121,176,172,98,44,56,84,82,81,77,76,83,82,80,84,83,83,79,76,80,78,79,80,78,60,103,167,181,113,44,53,82,82,74,72,74,79,80,76,72,79,81,74,74,81,78,75,90,82,67,69,144,159,129,40,54,67,77,71,65,75,66,
182,130,43,69,99,86,85,98,99,90,90,99,93,91,99,98,93,87,97,106,101,91,88,106,161,175,132,49,76,92,99,102,89,91,105,88,85,88,89,90,89,92,91,89,90,92,96,85,79,158,180,113,48,64,92,87,82,83,90,88,84,84,89,88,92,93,85,87,90,94,96,91,82,101,151,177,137,57,45,82,82,80,80,80,83,80,83,84,86,79,71,78,89,87,81,85,81,59,73,133,178,150,62,41,79,82,71,78,80,76,72,77,64,75,80,75,74,80,70,74,83,81,65,57,98,144,155,107,51,47,70,72,67,74,66,
165,145,50,56,93,97,91,99,103,96,94,98,108,99,92,92,107,92,97,95,98,95,92,106,147,183,147,42,62,100,101,96,87,92,93,88,91,91,90,91,93,91,93,92,91,90,98,89,62,140,174,129,54,47,94,91,85,81,79,85,90,91,89,86,88,83,87,92,90,86,83,90,80,78,132,173,177,90,48,84,81,76,80,84,82,77,83,82,81,86,83,79,79,78,84,87,79,73,73,108,150,176,82,29,71,79,71,80,82,77,74,82,90,76,75,77,80,81,71,74,83,81,70,65,81,128,159,133,70,41,65,72,70,72,72,
160,153,56,52,102,101,98,92,96,90,89,87,97,103,92,90,90,90,94,98,99,97,92,103,142,190,153,52,61,98,95,100,95,98,95,92,91,92,90,90,98,91,88,84,96,93,96,89,63,127,182,152,64,39,75,91,88,87,88,86,88,88,82,84,93,91,88,87,90,83,81,90,86,80,125,172,193,114,44,69,81,76,76,82,81,77,84,82,77,88,90,83,81,82,89,86,76,82,75,90,110,176,107,33,61,83,78,78,78,77,79,79,79,82,80,73,73,78,76,78,86,81,75,72,55,104,153,163,91,44,59,78,69,75,72,
172,185,66,48,89,88,96,92,92,90,93,92,92,96,93,92,92,90,87,91,100,97,87,93,134,177,160,61,56,85,87,91,92,89,101,99,90,90,95,88,94,91,85,90,94,93,103,87,68,115,176,158,77,48,74,91,84,86,87,85,82,88,88,88,90,87,89,89,91,90,87,89,82,71,99,154,188,138,62,56,78,79,72,78,79,79,84,80,76,86,85,85,85,78,83,83,78,76,77,73,88,156,146,64,37,68,83,74,72,76,77,80,84,78,76,78,79,80,76,83,83,75,74,75,59,84,129,159,125,76,52,63,72,79,66,
153,191,89,54,88,93,89,89,88,97,104,98,89,90,88,97,106,97,78,85,107,102,91,76,116,163,165,84,50,78,97,92,91,83,85,89,89,86,85,86,91,86,86,96,97,86,92,94,89,96,133,146,114,65,62,77,78,82,83,77,80,85,83,81,85,86,86,87,89,91,91,92,88,75,81,131,178,157,81,43,81,79,78,77,79,79,79,79,79,79,84,86,86,82,80,82,78,80,81,66,74,136,167,102,40,50,83,75,77,75,73,82,73,76,74,81,82,79,77,81,79,74,78,78,75,71,98,141,152,113,60,52,67,74,69,
158,185,115,79,85,94,90,92,105,102,100,96,93,96,96,90,104,100,90,91,105,103,98,80,99,167,172,96,48,76,99,91,89,87,87,96,94,89,90,93,91,93,90,94,103,96,97,95,107,91,124,162,142,78,53,68,86,85,84,87,85,84,86,86,88,88,88,87,87,91,97,94,97,80,77,115,156,178,115,35,85,85,84,81,86,87,87,85,84,87,90,86,82,85,87,85,84,87,84,71,61,125,177,124,59,52,89,77,77,77,75,81,75,82,84,79,76,82,84,78,73,79,83,77,67,64,84,128,138,121,71,61,80,76,79,
142,187,132,81,89,98,101,94,107,96,96,92,98,95,102,89,94,94,99,95,96,97,98,81,88,156,174,97,47,79,99,90,91,92,96,95,97,91,95,108,93,100,97,95,99,103,95,93,102,88,128,186,159,82,46,70,96,92,85,86,86,88,89,88,90,92,90,92,92,92,89,91,94,89,84,97,129,174,146,63,75,97,91,86,88,86,87,90,85,90,94,91,86,90,91,88,89,88,86,84,59,94,164,150,79,49,80,87,80,81,80,79,82,87,86,82,83,80,82,81,77,81,86,78,85,81,77,105,129,139,88,56,78,85,77,
149,176,126,75,96,96,102,95,91,90,98,96,96,97,97,98,102,94,92,94,94,100,103,86,87,142,180,119,51,75,106,88,91,94,103,98,91,92,100,106,98,100,97,95,98,97,91,95,91,79,112,173,170,110,53,60,90,95,90,83,87,90,91,89,92,92,91,92,90,91,96,92,91,91,84,87,109,157,150,83,67,91,88,85,87,84,86,91,89,87,90,92,92,90,88,89,89,86,82,86,70,90,146,161,106,53,60,84,87,83,75,77,85,83,81,81,89,85,77,82,85,78,85,80,70,81,73,90,138,154,118,77,72,88,73,
146,182,118,71,87,103,94,91,91,94,103,106,104,96,96,97,95,101,91,93,92,106,105,85,84,133,172,124,63,64,101,93,85,91,98,97,92,94,102,94,91,100,101,98,97,92,91,91,97,82,104,158,154,118,56,58,87,88,83,86,88,88,89,91,94,89,92,96,87,83,87,91,90,86,77,81,105,151,155,94,53,75,92,90,87,86,83,86,88,87,86,87,90,88,90,90,85,80,82,84,77,85,122,150,123,67,53,73,75,81,79,72,82,81,78,81,79,79,84,89,76,77,83,80,76,76,72,76,100,134,141,100,57,72,77,
159,176,88,67,94,106,93,93,94,97,104,105,98,92,94,100,107,100,93,97,98,92,95,94,120,151,158,114,70,65,87,92,90,92,90,92,95,96,97,92,93,92,95,92,91,92,92,86,108,93,107,170,158,96,37,63,94,87,80,85,86,87,89,91,92,90,92,96,89,88,91,90,85,88,87,78,114,152,178,82,51,78,92,88,85,85,83,85,86,88,91,88,86,88,89,88,83,82,83,82,84,75,97,134,147,78,31,63,84,79,78,77,78,81,81,85,75,49,74,78,76,77,78,80,71,75,80,70,86,123,143,114,63,57,78,
151,158,93,74,95,108,95,99,97,98,98,101,99,92,97,104,90,96,102,96,96,94,92,96,117,147,159,112,51,49,85,86,90,90,85,89,91,96,91,90,98,96,86,87,91,93,92,88,102,97,114,167,157,87,41,66,92,92,92,89,87,88,87,91,88,90,91,92,93,90,91,84,90,91,87,79,106,138,157,107,65,69,86,89,86,82,80,85,88,91,87,87,86,91,86,89,85,84,83,81,86,78,88,131,176,115,36,48,79,78,78,82,81,80,81,86,85,101,87,66,88,87,77,82,79,80,80,75,73,106,138,122,80,57,64,
137,147,110,79,88,97,91,98,92,91,92,97,101,90,96,102,101,102,97,101,99,99,91,93,104,124,156,133,82,49,86,93,83,83,83,88,95,93,85,83,91,96,87,89,92,92,88,92,101,91,97,139,158,120,58,55,80,85,90,86,88,88,91,92,87,88,90,90,89,88,90,86,90,93,87,75,83,122,153,125,68,51,68,87,86,83,79,86,84,87,86,92,83,86,86,88,87,83,82,84,79,73,81,128,175,132,60,37,53,85,80,77,82,81,81,65,86,77,86,65,80,82,74,71,72,70,70,68,64,85,127,138,93,57,35,
122,147,118,75,82,100,96,92,89,91,93,91,89,91,97,96,96,95,86,101,109,94,78,88,91,127,152,142,93,50,70,88,79,80,85,89,97,95,86,85,97,100,92,85,85,92,92,86,88,90,83,123,151,151,96,41,77,84,81,89,83,88,88,82,88,91,88,80,83,92,88,84,95,91,88,83,76,102,145,139,74,47,71,90,73,73,83,87,73,78,89,81,71,78,89,86,73,71,79,77,71,75,71,99,149,156,109,48,29,75,72,63,69,68,77,43,89,42,85,65,75,71,61,65,68,68,73,71,54,62,109,145,102,55,45,
117,163,126,84,82,107,103,91,100,105,101,92,92,90,97,97,92,105,91,93,110,106,86,86,88,108,145,152,105,53,58,87,90,89,86,87,90,92,90,84,89,92,86,87,83,88,90,84,73,88,74,104,149,161,120,56,58,73,68,73,79,70,71,79,73,70,74,84,89,84,82,91,88,69,79,90,72,80,134,149,108,52,53,78,73,72,71,69,74,76,65,64,77,84,84,83,91,77,71,78,85,78,67,84,123,155,150,94,74,50,85,92,89,78,87,100,119,103,110,109,104,97,100,105,104,103,116,113,102,100,100,129,130,123,124,
114,154,135,82,71,105,108,86,97,97,106,93,91,96,88,84,89,92,85,82,96,98,84,78,84,103,144,166,132,67,52,83,97,97,79,82,83,88,84,79,75,75,76,81,71,77,79,74,69,78,73,91,139,162,131,65,40,79,85,76,71,81,80,71,79,89,80,72,76,86,88,78,82,88,82,71,79,92,122,143,124,97,94,104,114,113,114,118,120,110,107,122,124,122,121,130,137,131,137,135,127,126,146,130,126,135,141,136,137,145,149,134,131,138,144,137,129,137,141,125,136,135,122,121,119,117,114,113,111,123,99,107,134,132,101,
128,150,140,85,81,97,97,93,101,92,98,109,100,80,84,98,96,81,89,103,100,90,94,103,108,116,138,154,124,75,90,109,108,103,111,115,99,91,107,110,108,108,118,120,114,118,120,116,113,119,117,114,124,146,144,136,132,145,131,146,144,136,133,144,147,135,133,151,145,128,134,140,133,129,134,139,124,113,122,135,133,126,118,128,124,116,123,126,123,113,115,117,119,116,107,113,111,109,104,99,108,102,91,96,111,132,143,126,96,73,75,95,96,90,88,86,80,73,64,67,89,77,64,73,74,65,61,69,71,63,65,91,128,142,93,
135,153,124,122,134,140,141,143,138,150,158,149,143,152,156,144,138,150,153,137,137,150,148,132,133,138,128,147,147,151,145,143,154,160,153,146,155,157,145,138,151,155,141,140,155,153,140,137,132,150,136,136,144,157,143,127,91,110,127,119,96,100,106,106,100,102,106,97,93,106,109,86,83,95,89,76,74,91,95,153,152,99,42,44,61,79,75,63,67,73,68,65,76,84,79,69,70,77,75,77,80,78,72,72,76,126,166,143,73,33,57,75,68,64,64,64,65,71,76,69,70,76,73,66,70,77,73,66,64,70,67,78,126,140,96,
112,164,137,130,149,143,146,142,131,128,131,129,125,119,118,123,109,96,98,107,99,93,91,98,83,77,111,157,148,80,56,79,90,84,89,93,84,80,96,95,78,71,80,86,83,77,86,87,76,79,82,99,147,170,145,94,52,70,98,87,75,79,79,77,77,84,82,79,77,77,78,78,80,78,75,79,94,88,86,132,155,118,61,65,78,80,80,81,78,74,82,87,80,79,82,79,73,78,82,82,79,82,76,80,62,100,146,151,125,61,56,78,79,71,71,72,74,79,82,75,73,79,79,74,78,80,79,75,73,71,76,69,102,122,103,
92,145,144,138,129,99,80,90,97,94,95,96,95,99,100,102,98,91,91,94,94,101,99,92,92,90,100,146,171,139,68,44,97,100,89,79,90,91,87,90,94,93,84,80,88,94,85,80,79,80,76,77,95,133,154,136,94,59,80,99,91,89,88,88,85,89,89,92,88,87,85,90,94,89,89,91,94,80,71,104,154,172,126,57,48,78,85,81,80,80,78,74,80,80,83,82,76,79,79,78,81,82,83,84,75,66,89,148,166,91,34,55,80,77,75,75,75,73,73,73,77,76,78,76,76,76,72,73,74,73,77,69,68,87,95,
92,136,143,145,118,91,88,95,90,88,92,93,89,90,90,96,102,102,102,99,100,103,99,95,108,91,83,125,153,133,70,51,103,94,95,94,90,95,90,93,104,95,88,89,84,81,82,83,86,90,89,80,82,128,156,154,115,55,75,101,88,92,92,92,92,91,93,90,86,92,95,92,85,84,89,90,83,73,69,93,136,163,136,81,58,79,91,83,76,83,83,84,84,80,84,86,82,76,78,84,82,81,79,86,87,64,66,116,152,118,66,50,73,77,73,74,75,75,68,74,82,73,69,74,73,76,76,74,71,75,77,72,60,76,83,
89,142,133,122,112,93,81,83,89,94,96,91,93,95,95,95,95,105,84,92,98,90,97,91,112,101,91,117,146,142,93,59,74,86,95,96,87,86,87,86,87,94,92,84,85,92,79,78,88,86,88,83,80,98,154,164,125,59,72,92,92,92,92,91,82,84,90,89,89,89,93,85,83,89,87,84,77,84,83,84,106,134,122,97,55,71,87,80,76,80,83,82,81,80,80,80,81,80,77,77,81,83,85,88,84,74,80,97,144,131,70,54,69,80,82,74,72,78,80,76,75,73,76,73,70,72,73,75,72,72,74,72,59,69,94,
87,139,142,130,98,89,96,95,89,91,92,94,97,91,90,103,97,107,94,96,95,92,93,95,115,108,85,105,145,154,105,54,75,99,87,90,93,86,89,95,84,99,103,83,78,91,84,84,80,81,89,84,78,107,153,165,124,64,67,97,96,89,91,91,97,95,89,87,85,88,85,88,92,92,86,85,92,91,89,81,96,129,140,109,56,56,78,85,78,76,78,77,75,75,81,84,79,81,85,79,79,80,78,86,81,74,77,89,138,141,81,52,64,76,74,73,71,73,73,68,70,76,73,69,74,74,71,73,73,74,71,73,69,66,86,
98,140,143,130,95,99,98,87,93,95,97,91,95,93,92,97,100,100,101,99,94,95,93,97,115,108,84,107,149,157,110,44,72,99,80,88,103,91,88,94,91,104,101,86,75,87,93,91,86,86,85,82,81,102,139,155,131,63,53,95,93,86,84,90,91,92,90,86,84,97,82,86,86,84,87,89,86,89,90,71,73,124,159,134,75,55,77,80,76,78,82,82,77,78,78,84,83,82,79,75,85,81,78,84,78,73,72,86,124,145,106,54,54,75,81,76,74,74,74,75,71,74,74,74,74,75,71,71,73,75,74,72,75,72,63,
93,136,131,116,105,96,95,93,93,94,92,91,92,96,97,99,100,93,94,102,92,95,95,92,101,112,81,101,145,171,114,55,63,100,83,86,95,96,89,89,93,96,103,94,77,78,90,88,86,87,86,84,72,77,122,154,165,81,47,78,92,89,84,89,92,91,88,85,86,88,86,87,86,84,87,88,87,83,90,76,67,116,154,145,81,48,72,82,76,78,84,80,78,80,79,80,78,81,78,78,82,80,81,83,87,81,65,64,105,152,131,85,46,65,74,70,73,74,69,79,69,71,75,79,73,71,73,75,73,73,73,73,70,69,48,
76,128,145,138,104,78,84,90,87,93,100,90,88,93,85,88,103,96,90,98,86,86,92,97,89,100,101,103,137,171,137,77,58,82,91,85,81,83,85,90,93,104,106,98,85,83,90,86,89,84,84,90,81,73,100,144,152,99,60,66,92,95,85,87,89,88,88,87,85,86,85,91,97,86,83,81,92,78,92,85,66,105,145,144,113,63,59,79,77,81,83,78,78,79,78,78,79,80,80,78,74,73,84,81,87,85,68,68,68,158,148,116,35,43,67,74,70,70,68,74,73,70,68,69,71,70,69,69,71,73,74,72,65,72,69,
62,118,162,161,90,56,80,94,86,89,88,92,88,92,93,80,90,94,94,104,92,87,91,94,94,90,84,93,130,182,169,95,62,79,92,84,86,95,99,94,90,92,107,109,92,79,83,89,90,85,85,88,74,72,99,134,143,116,81,65,83,83,77,84,87,85,87,92,81,83,81,88,91,88,88,86,91,79,90,84,67,89,126,146,144,96,60,72,81,80,78,80,79,80,78,80,78,79,79,80,77,71,77,76,75,83,77,66,38,130,177,142,56,30,66,85,76,73,69,66,71,70,68,74,72,70,71,74,67,76,68,74,69,75,69,
60,109,161,164,88,49,81,90,84,88,90,92,90,92,102,89,84,91,101,100,95,90,91,92,93,93,88,86,103,179,182,94,58,80,97,92,95,104,92,99,103,92,97,107,98,84,82,89,91,87,87,87,75,58,69,124,147,139,97,57,81,93,83,84,91,92,86,90,87,87,86,86,86,90,93,91,86,85,88,81,68,76,105,135,162,120,63,72,84,79,75,81,82,79,79,78,82,79,78,79,86,83,80,81,81,81,82,68,57,95,148,156,97,39,60,67,73,75,71,67,76,69,67,72,68,72,70,72,67,73,70,68,72,79,68,
61,98,156,178,93,45,71,90,88,86,89,91,91,89,95,99,93,91,89,97,101,91,86,90,88,94,91,82,90,168,191,124,54,63,89,92,88,92,90,96,101,95,97,98,94,91,88,88,85,86,86,85,85,76,68,111,147,147,97,53,70,91,83,83,86,82,81,83,80,81,87,87,81,86,91,86,84,91,87,82,70,66,94,145,176,115,65,70,78,79,78,83,79,77,81,79,79,81,80,79,80,84,83,79,74,75,83,84,70,73,117,157,129,63,50,53,66,72,70,73,75,70,69,74,71,70,69,69,69,68,67,72,73,75,63,
61,105,157,168,107,56,62,88,88,86,89,86,91,93,89,93,93,91,91,95,89,95,91,83,88,92,90,81,104,152,166,121,67,58,86,90,87,92,93,87,90,91,97,88,91,97,92,88,81,93,92,84,88,90,76,95,143,152,109,51,57,91,93,85,83,85,91,88,79,84,92,83,84,85,86,85,83,86,84,85,65,67,84,147,161,128,74,67,84,84,77,81,82,79,83,82,79,81,80,78,82,84,79,78,75,78,82,84,76,74,112,161,143,95,36,46,68,75,74,75,65,68,74,69,68,69,66,66,66,68,68,68,70,66,68,
48,109,173,165,96,62,73,98,85,89,91,88,90,95,94,87,92,91,93,97,92,97,92,85,89,92,84,84,120,155,151,105,73,60,84,82,98,89,86,95,94,87,95,87,89,91,91,91,87,88,83,83,88,88,74,89,139,161,113,42,45,81,89,83,86,88,85,85,95,88,92,85,85,87,86,85,85,86,84,82,65,66,80,135,168,131,73,60,77,80,75,75,78,76,82,79,75,78,80,79,75,78,79,78,75,75,78,83,87,82,108,148,153,100,30,30,64,77,69,69,68,70,73,67,66,69,70,68,67,73,67,67,72,69,66,
60,98,158,155,78,49,72,109,94,91,88,87,85,89,93,95,97,94,93,91,93,101,94,89,91,92,86,81,108,160,173,126,72,50,96,85,90,92,87,83,88,87,88,90,90,87,87,89,89,90,92,85,88,88,78,82,128,160,124,50,47,72,92,81,90,87,84,80,88,86,87,91,87,84,84,85,87,84,85,82,71,71,78,116,176,154,86,53,67,83,79,75,82,75,78,75,74,75,77,81,75,75,79,79,76,75,75,79,81,76,96,137,154,110,41,47,66,75,69,72,72,68,68,72,67,68,73,74,71,72,67,68,73,76,62,
73,107,147,153,90,47,66,107,101,88,85,89,90,88,87,87,91,94,92,90,91,98,88,84,88,92,90,80,100,142,171,137,79,48,80,89,83,89,90,86,83,85,88,89,90,86,83,86,88,85,90,86,80,83,83,73,113,185,144,59,49,60,88,87,83,83,85,84,80,80,80,83,87,84,81,85,88,82,85,86,71,70,87,100,173,164,95,48,48,72,83,76,74,74,78,77,71,71,75,78,79,75,72,76,76,78,77,75,92,77,79,116,155,138,77,37,47,81,75,73,68,69,70,69,68,72,72,68,68,70,69,73,75,75,61,
70,106,131,148,109,59,60,91,92,86,85,88,90,84,84,90,84,87,86,84,83,90,83,89,84,86,84,78,95,127,166,152,90,52,73,85,76,84,90,81,88,86,87,87,87,83,84,84,87,83,83,90,82,84,89,78,106,173,150,84,55,61,80,80,78,83,87,83,76,85,83,81,83,87,84,85,87,87,84,87,88,81,81,92,140,158,133,60,34,69,87,78,69,67,76,78,68,66,73,76,77,70,69,74,72,69,76,64,77,65,59,86,141,150,121,67,53,59,58,61,64,59,55,65,68,63,61,67,69,62,58,68,69,60,50,
76,90,113,151,123,71,65,101,92,91,92,94,84,88,94,87,90,89,88,91,92,93,88,85,86,89,92,78,68,114,167,152,102,58,76,92,91,92,82,78,104,98,96,89,93,89,86,87,87,87,89,87,86,89,85,79,107,169,173,114,64,47,67,71,72,79,87,76,69,80,79,77,70,77,82,74,72,79,77,72,79,84,75,66,97,152,161,79,33,60,74,68,66,72,66,58,64,67,62,60,55,73,65,66,64,56,65,65,57,53,53,67,123,165,146,88,37,38,60,63,44,59,59,60,58,64,68,57,44,66,70,63,61,77,69,
75,78,113,158,126,74,49,87,91,83,79,89,91,88,88,88,92,90,87,87,87,87,85,93,97,81,80,86,79,100,149,149,130,64,64,97,90,66,78,92,82,77,86,93,85,80,89,94,84,77,86,88,74,79,88,76,83,153,173,127,84,31,48,79,71,67,69,71,79,80,72,79,81,74,71,78,81,74,70,79,81,71,69,76,92,115,164,106,52,35,65,83,69,59,70,77,84,73,76,85,95,85,78,92,94,88,97,107,101,101,101,98,125,150,132,109,121,123,121,123,123,119,114,119,123,120,118,119,132,126,119,133,139,137,107,
81,86,114,161,139,74,37,61,76,75,82,82,74,77,84,80,75,85,92,83,80,91,96,77,82,87,89,79,63,99,149,160,128,95,76,75,75,73,89,80,78,88,77,68,81,93,86,74,95,98,86,84,95,94,90,81,84,127,155,151,126,85,85,111,109,105,109,113,121,123,122,126,130,132,133,130,138,141,139,136,127,134,148,138,146,149,143,120,109,119,129,121,118,137,134,123,127,128,121,115,122,136,132,121,126,126,124,123,121,125,126,118,124,142,140,113,108,97,116,110,109,99,105,107,109,107,110,109,103,99,105,107,91,103,100,
92,127,135,151,134,103,98,112,122,129,136,132,133,137,139,139,138,136,134,142,146,144,146,149,148,146,147,149,145,143,144,136,130,120,121,143,144,131,133,144,142,125,129,147,141,129,138,150,131,127,137,147,136,124,135,144,128,140,146,137,130,118,127,130,121,119,121,124,118,123,134,131,121,130,127,115,119,123,119,117,110,107,115,111,131,138,136,115,80,65,83,93,87,82,84,94,90,79,82,89,76,68,77,88,79,71,74,84,73,72,79,80,78,108,155,142,88,37,56,71,65,69,71,62,55,63,73,70,64,64,67,68,65,62,73,
116,151,141,150,140,130,123,128,143,145,134,131,138,138,137,134,138,132,132,133,133,131,129,128,129,131,129,129,131,136,144,156,138,94,74,76,90,97,94,85,79,87,87,76,74,89,86,71,70,85,82,68,76,89,84,71,91,130,163,160,112,65,66,81,80,87,83,80,80,84,79,79,79,77,75,75,71,71,76,79,82,80,72,69,85,122,151,124,69,47,62,74,72,80,77,79,73,82,81,76,78,82,81,77,75,83,83,77,80,85,80,68,64,88,138,161,114,43,48,69,68,70,70,69,74,68,65,69,72,67,66,68,68,68,64,
84,78,105,151,141,87,51,68,77,73,82,87,75,74,89,89,80,82,94,93,83,85,91,88,81,82,86,87,77,96,132,168,141,98,51,67,72,75,74,73,73,75,75,81,84,79,78,82,82,75,75,82,83,76,76,82,82,90,147,167,131,66,51,86,79,83,89,86,86,87,90,91,84,81,84,88,84,81,88,87,85,88,92,82,87,104,139,133,101,55,58,82,84,83,82,84,79,82,84,79,80,84,85,82,78,80,84,82,83,85,83,76,75,83,112,147,132,55,47,74,76,71,69,74,68,67,67,71,74,69,69,71,68,77,64,
80,78,86,140,153,117,62,53,84,98,87,86,89,92,92,87,86,91,87,89,90,96,95,95,90,87,86,94,98,85,110,151,176,125,51,56,91,93,82,78,79,81,80,80,89,92,84,80,91,88,84,85,81,81,83,81,69,67,110,171,172,106,51,62,84,88,80,83,88,88,86,85,90,92,90,88,91,87,77,78,82,82,89,83,97,75,89,150,135,72,57,76,91,80,77,83,82,87,90,84,83,88,80,78,80,79,79,80,79,78,82,79,92,71,66,118,163,100,49,58,76,79,70,70,71,71,70,71,73,71,71,69,70,79,69,
74,89,89,131,163,134,71,59,85,95,83,89,88,88,96,93,95,91,87,92,92,92,97,98,90,93,93,97,81,66,97,147,166,122,48,51,84,83,76,79,84,78,77,81,85,91,76,74,86,86,84,78,71,76,85,83,73,63,93,154,171,122,60,58,90,89,83,84,80,84,89,84,86,85,78,87,84,86,84,83,83,82,83,83,80,68,99,157,157,103,54,61,89,82,75,81,79,81,79,79,83,86,86,80,85,82,77,81,81,84,83,81,76,71,67,99,145,127,75,46,62,72,70,71,75,71,69,69,69,69,72,67,71,68,73,
80,86,84,129,150,110,64,64,87,91,86,91,86,91,97,91,88,91,93,92,96,98,95,98,100,93,90,90,76,72,88,131,150,143,64,47,78,79,75,79,74,75,77,80,84,84,74,79,90,85,81,83,81,77,79,85,79,64,84,139,179,150,79,69,91,87,84,84,82,83,86,88,84,86,81,87,86,84,86,84,85,89,91,84,72,68,92,147,165,124,70,71,85,84,77,83,80,77,79,77,79,79,80,81,81,79,82,82,78,76,78,82,81,73,66,86,127,157,121,51,58,70,79,69,78,71,67,71,74,69,66,69,73,72,67,
88,93,82,127,150,116,88,66,85,92,91,94,89,94,99,92,89,98,104,97,97,97,95,98,91,96,97,92,82,81,83,120,146,162,84,47,76,77,78,81,75,76,82,82,80,80,81,81,83,83,84,86,87,82,78,85,76,76,75,110,172,171,102,74,87,89,86,84,84,83,84,90,86,87,94,93,87,85,84,83,84,91,91,83,82,76,83,128,162,145,96,68,77,87,85,83,83,82,80,82,79,80,87,85,79,78,83,82,82,83,84,83,87,80,72,73,102,176,146,57,54,68,84,72,73,71,71,72,74,67,65,71,72,77,63,
80,88,70,113,169,157,92,63,79,95,97,97,89,92,101,96,94,92,97,95,92,87,95,97,92,90,92,96,77,66,78,119,160,164,87,40,68,80,78,81,77,80,83,79,81,82,80,83,77,78,85,86,86,84,82,82,83,81,71,103,151,162,115,72,76,90,89,85,85,84,83,85,81,83,87,87,83,84,83,84,84,82,82,84,89,81,80,106,149,156,109,59,60,81,79,75,83,86,84,82,82,83,83,77,78,82,83,77,83,76,81,80,80,80,82,66,79,159,152,82,52,58,72,77,72,76,78,74,72,69,69,69,71,77,67,
76,98,78,106,171,163,110,75,76,89,92,95,88,93,92,91,87,91,92,88,90,92,92,91,96,92,89,93,92,80,76,113,165,181,99,36,56,76,80,82,75,81,84,80,79,76,80,87,77,79,81,83,82,82,83,86,90,76,65,89,133,159,130,79,66,84,85,77,82,87,78,83,86,86,83,78,78,75,79,83,83,78,83,85,85,82,75,86,127,154,123,71,52,74,85,79,85,86,78,77,84,83,87,82,74,80,87,80,81,76,71,76,76,87,81,63,74,124,140,110,62,47,73,80,76,70,69,76,76,62,67,71,63,70,71,
82,93,81,100,169,165,112,75,70,97,92,88,90,97,93,88,87,92,93,90,88,91,92,91,91,89,87,91,98,91,82,101,109,159,110,32,65,87,81,82,76,80,83,81,75,81,83,84,83,83,81,82,82,82,82,83,88,84,71,78,106,155,148,90,66,86,89,84,78,84,78,86,82,82,86,84,79,74,80,82,79,82,85,85,89,83,79,82,107,146,137,102,53,71,84,78,83,80,76,80,82,84,81,85,78,76,79,79,75,76,81,81,78,77,82,75,75,119,141,121,80,50,63,71,71,71,70,70,77,71,70,73,69,77,66,
86,85,81,101,164,179,123,72,70,90,89,87,85,86,91,91,91,93,96,92,90,91,91,90,88,88,91,88,98,98,81,92,106,188,132,38,54,79,78,77,77,79,82,82,82,78,77,80,80,80,82,87,84,80,81,83,82,89,80,70,87,158,156,109,58,82,91,84,82,83,81,80,80,81,87,87,79,80,84,81,81,84,82,80,88,85,77,79,87,142,157,113,53,59,83,79,74,76,80,80,78,80,80,79,77,78,80,80,73,69,76,82,79,72,82,78,68,104,135,127,96,54,47,65,69,74,71,68,69,67,69,69,66,74,64,
93,105,79,100,178,192,123,72,75,92,91,95,94,89,91,98,97,95,92,101,95,92,94,102,97,91,101,98,95,88,83,91,130,173,135,54,46,81,92,86,80,80,89,90,85,82,88,91,80,86,92,96,82,85,90,90,81,87,89,75,86,150,177,124,64,76,98,86,83,98,99,88,93,99,94,91,83,89,95,81,90,90,91,83,87,95,84,77,85,140,172,128,65,54,80,84,80,85,83,80,87,84,82,80,89,89,81,80,85,82,80,78,85,84,77,80,73,86,126,156,133,69,46,63,77,77,77,79,74,69,73,76,76,73,72,
66,86,69,75,122,151,125,64,46,73,82,75,73,78,87,74,64,87,87,76,69,76,82,78,74,76,78,73,71,82,72,61,99,160,133,48,27,59,73,66,71,77,69,67,69,77,73,65,57,73,71,69,79,80,70,66,75,78,65,58,68,100,129,114,55,45,65,73,79,69,77,76,71,81,64,74,88,68,72,78,75,68,70,75,73,69,68,69,71,93,129,136,86,43,56,78,75,63,65,79,74,58,74,82,73,67,71,72,63,67,73,68,62,64,70,69,61,55,85,126,113,77,51,49,55,59,63,58,56,63,61,56,61,66,64,
